Concurso	Data do Sorteio	Coluna1	Coluna2	Coluna3	Coluna4	Coluna5	Coluna6
1	11/03/96	4	5	30	33	41	52
2	18/03/96	9	37	39	41	43	49
3	25/03/96	10	11	29	30	36	47
4	01/04/96	1	5	6	27	42	59
5	08/04/96	1	2	6	16	19	46
6	15/04/96	7	13	19	22	40	47
7	22/04/96	3	5	20	21	38	56
8	29/04/96	4	17	37	38	47	53
9	06/05/96	8	43	54	55	56	60
10	13/05/96	4	18	21	25	38	57
11	20/05/96	15	25	37	38	58	59
12	27/05/96	4	16	19	20	27	43
13	03/06/96	18	32	47	50	54	56
14	10/06/96	2	16	23	27	47	53
15	17/06/96	12	33	35	51	52	60
16	24/06/96	20	32	34	49	58	60
17	01/07/96	6	10	13	19	20	51
18	08/07/96	23	27	36	37	42	56
19	15/07/96	5	10	12	24	25	60
20	22/07/96	11	25	28	30	33	51
21	29/07/96	6	33	36	46	49	53
22	05/08/96	1	9	31	38	46	56
23	12/08/96	17	37	39	51	52	59
24	19/08/96	1	8	14	28	33	43
25	25/08/96	24	43	50	54	55	56
26	01/09/96	10	22	50	53	57	58
27	08/09/96	13	17	20	33	44	51
28	15/09/96	3	6	22	24	54	60
29	22/09/96	3	8	14	43	56	58
30	29/09/96	7	14	15	29	38	50
31	06/10/96	17	19	28	45	48	56
32	13/10/96	5	14	33	36	43	44
33	20/10/96	5	17	33	39	42	49
34	27/10/96	13	15	17	40	53	57
35	03/11/96	4	16	21	23	54	57
36	10/11/96	3	13	17	25	29	51
37	17/11/96	6	7	22	38	52	60
38	24/11/96	10	42	43	45	54	55
39	01/12/96	12	16	37	45	52	56
40	08/12/96	3	5	8	12	46	47
41	15/12/96	12	26	35	38	39	47
42	22/12/96	7	11	19	24	33	36
43	29/12/96	2	6	17	25	26	58
44	05/01/97	14	18	29	38	44	47
45	12/01/97	7	30	37	44	53	55
46	19/01/97	1	23	24	32	46	60
47	26/01/97	3	17	25	35	48	56
48	02/02/97	2	5	28	34	47	50
49	09/02/97	7	13	33	35	43	55
50	16/02/97	6	16	21	44	57	58
51	23/02/97	17	23	24	25	42	47
52	02/03/97	15	30	38	46	58	59
53	09/03/97	3	13	16	38	42	46
54	16/03/97	5	9	18	21	36	56
55	23/03/97	2	14	23	29	38	52
56	30/03/97	2	7	20	35	51	59
57	06/04/97	7	16	17	27	34	59
58	13/04/97	12	27	30	37	44	49
59	20/04/97	2	8	13	28	34	54
60	27/04/97	3	14	15	20	21	38
61	04/05/97	8	18	29	42	44	59
62	11/05/97	6	8	13	24	31	52
63	18/05/97	9	25	26	40	41	49
64	25/05/97	8	12	23	50	54	60
65	01/06/97	1	5	20	25	32	34
66	08/06/97	12	13	15	26	33	48
67	15/06/97	12	14	17	27	47	52
68	22/06/97	1	3	12	13	53	59
69	29/06/97	25	34	45	53	56	58
70	06/07/97	17	23	27	40	43	58
71	13/07/97	16	27	33	43	45	53
72	20/07/97	1	19	34	43	44	48
73	27/07/97	25	26	28	45	51	57
74	03/08/97	2	24	34	37	38	50
75	10/08/97	21	24	35	36	37	49
76	17/08/97	8	17	18	23	33	53
77	24/08/97	21	29	40	49	54	57
78	31/08/97	12	22	25	31	32	46
79	07/09/97	2	13	17	25	31	43
80	14/09/97	23	28	37	40	48	51
81	21/09/97	10	23	41	47	54	60
82	28/09/97	15	18	29	36	51	53
83	05/10/97	4	15	16	24	42	57
84	12/10/97	4	6	10	25	34	40
85	19/10/97	6	15	30	37	45	47
86	26/10/97	6	21	22	34	36	54
87	02/11/97	4	5	11	28	32	40
88	09/11/97	4	18	29	37	43	45
89	16/11/97	13	34	42	44	55	59
90	23/11/97	9	21	26	40	52	54
91	30/11/97	2	4	10	35	39	60
92	07/12/97	1	3	5	23	24	51
93	14/12/97	2	22	28	31	36	53
94	21/12/97	8	18	28	51	52	55
95	28/12/97	6	40	45	46	50	60
96	04/01/98	4	7	26	40	42	58
97	11/01/98	5	11	14	35	53	56
98	18/01/98	13	14	31	33	35	43
99	25/01/98	11	24	30	33	46	60
100	01/02/98	14	29	30	46	48	51
101	08/02/98	1	18	29	31	37	39
102	15/02/98	19	20	37	42	44	56
103	22/02/98	1	7	9	49	54	57
104	01/03/98	1	4	13	21	38	52
105	08/03/98	3	13	31	43	46	49
106	15/03/98	5	16	24	35	38	39
107	22/03/98	2	4	16	24	51	52
108	29/03/98	21	24	29	34	59	60
109	04/04/98	1	13	44	48	49	54
110	11/04/98	18	31	43	52	57	58
111	18/04/98	4	22	25	32	33	52
112	25/04/98	12	20	34	37	42	43
113	02/05/98	7	26	28	34	54	55
114	09/05/98	6	12	18	37	47	54
115	16/05/98	4	6	14	20	24	38
116	23/05/98	5	13	32	36	42	51
117	30/05/98	20	25	27	33	42	53
118	06/06/98	9	22	25	37	56	57
119	13/06/98	1	21	36	38	47	50
120	20/06/98	3	16	27	40	45	46
121	27/06/98	2	29	41	44	53	55
122	04/07/98	11	17	20	39	43	53
123	11/07/98	13	14	16	26	32	42
124	18/07/98	5	15	34	41	52	57
125	25/07/98	25	41	47	53	56	59
126	01/08/98	6	10	11	28	32	40
127	08/08/98	21	29	50	51	54	59
128	15/08/98	3	9	18	21	23	43
129	22/08/98	1	9	10	32	46	54
130	29/08/98	13	29	38	42	49	53
131	05/09/98	4	9	17	27	30	44
132	12/09/98	7	9	35	41	44	50
133	19/09/98	5	6	19	34	39	57
134	26/09/98	4	25	32	36	52	60
135	03/10/98	21	22	35	40	53	59
136	10/10/98	1	17	25	38	45	59
137	17/10/98	15	16	19	22	26	49
138	24/10/98	5	14	27	37	40	41
139	31/10/98	3	13	26	27	41	42
140	07/11/98	7	31	41	44	46	55
141	14/11/98	10	13	22	41	42	58
142	21/11/98	8	15	19	20	54	59
143	28/11/98	6	18	20	40	50	53
144	05/12/98	8	32	36	44	45	55
145	12/12/98	15	16	31	41	43	51
146	19/12/98	25	32	34	42	51	60
147	24/12/98	6	16	23	24	28	38
148	31/12/98	32	35	41	55	58	59
149	09/01/99	7	11	20	28	45	48
150	16/01/99	12	44	50	52	54	55
151	23/01/99	3	16	20	43	52	56
152	30/01/99	5	12	15	29	51	58
153	06/02/99	2	30	31	42	45	47
154	13/02/99	8	10	24	33	45	48
155	20/02/99	12	30	32	35	43	44
156	27/02/99	17	23	42	49	52	55
157	06/03/99	4	13	17	21	41	44
158	13/03/99	4	14	17	43	51	58
159	20/03/99	9	11	16	35	50	58
160	27/03/99	2	13	42	52	54	58
161	03/04/99	6	25	30	37	39	41
162	10/04/99	21	23	33	38	48	51
163	17/04/99	8	27	36	41	53	56
164	24/04/99	4	10	14	19	28	44
165	01/05/99	10	19	23	35	39	56
166	08/05/99	12	13	22	57	59	60
167	15/05/99	1	11	28	33	38	48
168	22/05/99	2	9	31	35	45	50
169	29/05/99	1	13	21	37	51	52
170	05/06/99	7	41	46	51	55	58
171	12/06/99	4	27	40	43	46	54
172	19/06/99	10	14	26	35	36	49
173	26/06/99	17	28	29	42	49	50
174	03/07/99	11	22	23	36	52	59
175	10/07/99	1	10	13	20	42	50
176	17/07/99	1	3	4	28	45	53
177	24/07/99	22	35	38	39	41	59
178	31/07/99	5	15	19	26	27	33
179	07/08/99	5	6	23	26	27	53
180	14/08/99	6	23	29	39	51	60
181	21/08/99	1	27	33	35	51	55
182	28/08/99	3	5	10	28	46	60
183	04/09/99	2	7	11	16	40	44
184	11/09/99	9	16	21	34	41	60
185	18/09/99	17	22	43	46	55	59
186	25/09/99	14	23	24	25	26	51
187	02/10/99	6	36	41	44	48	58
188	10/10/99	17	27	34	42	43	46
189	16/10/99	4	15	31	38	41	53
190	24/10/99	5	10	21	32	40	42
191	31/10/99	1	3	5	23	41	58
192	06/11/99	1	26	28	41	54	60
193	13/11/99	4	11	12	19	43	49
194	20/11/99	25	28	32	33	42	43
195	27/11/99	3	9	17	32	37	44
196	04/12/99	7	9	14	17	24	32
197	11/12/99	5	12	15	19	29	52
198	18/12/99	1	8	18	23	35	40
199	24/12/99	10	16	37	50	52	57
200	31/12/99	12	15	19	34	44	51
201	08/01/00	5	20	22	30	35	55
202	15/01/00	12	24	44	45	49	53
203	22/01/00	11	19	29	44	47	55
204	29/01/00	29	31	39	41	51	58
205	05/02/00	26	32	40	43	46	54
206	12/02/00	18	20	26	34	51	56
207	19/02/00	3	7	19	24	53	55
208	26/02/00	15	23	24	25	47	57
209	04/03/00	13	21	26	32	41	52
210	11/03/00	20	32	37	38	48	58
211	18/03/00	10	20	33	40	45	50
212	25/03/00	6	15	29	45	57	59
213	01/04/00	3	9	23	30	32	35
214	08/04/00	6	12	30	31	35	50
215	15/04/00	7	28	37	46	53	58
216	22/04/00	14	18	30	35	42	59
217	29/04/00	3	27	32	45	49	51
218	06/05/00	12	17	40	42	47	54
219	13/05/00	23	26	28	36	42	49
220	20/05/00	13	14	36	53	55	60
221	27/05/00	13	27	43	50	54	58
222	03/06/00	5	19	30	48	52	55
223	10/06/00	2	6	22	24	28	58
224	17/06/00	7	16	18	20	21	44
225	24/06/00	2	4	16	21	37	58
226	01/07/00	1	2	38	49	50	59
227	08/07/00	11	26	27	37	42	48
228	15/07/00	13	16	40	43	45	59
229	22/07/00	11	13	21	33	39	45
230	29/07/00	8	40	41	44	53	56
231	05/08/00	16	27	36	42	44	59
232	12/08/00	19	22	29	37	41	59
233	19/08/00	3	7	24	32	36	45
234	26/08/00	15	25	41	42	45	54
235	02/09/00	2	22	29	31	41	55
236	09/09/00	10	25	50	52	57	60
237	16/09/00	7	31	36	45	56	57
238	23/09/00	9	13	15	37	41	42
239	30/09/00	6	21	33	44	46	47
240	07/10/00	25	28	38	41	57	59
241	14/10/00	11	31	35	40	56	57
242	21/10/00	4	7	21	22	28	56
243	28/10/00	11	16	20	23	32	47
244	04/11/00	19	24	33	47	50	60
245	11/11/00	8	27	44	51	53	60
246	18/11/00	2	16	32	37	43	57
247	25/11/00	3	10	23	30	34	46
248	02/12/00	16	32	34	35	41	56
249	09/12/00	21	36	40	49	54	55
250	16/12/00	7	25	41	42	43	55
251	23/12/00	15	23	30	34	49	55
252	30/12/00	4	17	26	32	51	54
253	06/01/01	11	12	24	37	44	56
254	13/01/01	1	4	21	22	30	56
255	20/01/01	16	19	20	32	44	55
256	27/01/01	2	21	26	32	34	52
257	03/02/01	1	4	5	19	28	34
258	10/02/01	7	12	50	54	55	60
259	17/02/01	13	15	20	33	43	58
260	24/02/01	4	6	33	43	59	60
261	03/03/01	5	16	20	30	54	56
262	10/03/01	11	20	48	53	58	60
263	17/03/01	8	9	26	43	50	53
264	24/03/01	1	5	13	25	31	33
265	31/03/01	7	16	34	41	50	53
266	07/04/01	2	23	38	46	48	54
267	14/04/01	1	8	45	46	55	58
268	21/04/01	5	6	10	21	33	47
269	28/04/01	17	18	19	25	49	52
270	05/05/01	5	9	27	35	40	45
271	12/05/01	14	24	26	29	31	54
272	19/05/01	9	10	24	36	56	58
273	26/05/01	10	17	23	27	47	52
274	02/06/01	11	13	18	26	39	47
275	09/06/01	16	19	30	37	38	48
276	16/06/01	22	39	45	53	57	59
277	23/06/01	4	26	38	40	52	56
278	30/06/01	10	15	18	22	31	55
279	07/07/01	4	23	31	47	58	59
280	14/07/01	5	16	20	25	30	58
281	21/07/01	5	11	31	38	47	53
282	28/07/01	9	14	23	24	33	36
283	01/08/01	25	28	34	42	48	54
284	04/08/01	7	8	14	30	32	36
285	08/08/01	12	32	37	41	50	56
286	11/08/01	29	35	37	44	47	56
287	15/08/01	3	13	25	33	47	60
288	18/08/01	6	9	11	17	18	50
289	22/08/01	6	7	20	25	30	36
290	25/08/01	7	25	26	30	40	57
291	29/08/01	5	16	17	18	22	41
292	01/09/01	13	23	24	34	45	53
293	05/09/01	5	6	7	12	28	35
294	08/09/01	22	25	28	41	45	57
295	12/09/01	7	12	24	31	44	50
296	15/09/01	3	20	42	46	51	52
297	19/09/01	1	20	28	33	36	41
298	22/09/01	5	22	23	24	34	60
299	26/09/01	2	5	7	33	49	53
300	29/09/01	24	27	28	38	41	57
301	03/10/01	9	26	48	49	57	58
302	06/10/01	12	25	30	40	41	60
303	10/10/01	7	13	17	30	37	47
304	13/10/01	7	11	34	41	42	59
305	17/10/01	5	11	27	38	53	60
306	20/10/01	19	30	41	47	56	57
307	24/10/01	13	16	17	26	41	44
308	27/10/01	4	11	25	29	39	55
309	31/10/01	4	11	25	39	50	55
310	03/11/01	2	14	28	29	31	32
311	07/11/01	22	24	30	32	38	41
312	10/11/01	14	23	30	41	47	50
313	14/11/01	14	16	24	37	38	53
314	17/11/01	5	32	34	37	40	58
315	21/11/01	12	21	22	28	43	50
316	24/11/01	6	24	28	43	51	56
317	28/11/01	16	20	27	30	35	48
318	01/12/01	3	19	20	31	40	53
319	05/12/01	12	16	17	19	23	48
320	08/12/01	20	22	27	47	50	53
321	12/12/01	4	11	31	32	48	49
322	15/12/01	11	18	29	44	47	56
323	19/12/01	26	31	33	40	49	54
324	22/12/01	8	15	22	25	30	47
325	29/12/01	1	3	4	21	23	53
326	05/01/02	21	23	40	44	51	52
327	09/01/02	29	32	33	38	46	48
328	12/01/02	5	7	14	21	23	51
329	16/01/02	10	11	12	24	35	40
330	19/01/02	2	4	14	23	37	51
331	23/01/02	1	13	20	27	35	37
332	26/01/02	23	28	29	34	42	44
333	30/01/02	4	27	35	44	52	53
334	02/02/02	14	23	24	26	41	51
335	06/02/02	7	23	33	43	57	59
336	09/02/02	2	18	22	26	30	54
337	16/02/02	4	14	16	31	52	54
338	20/02/02	1	4	9	36	46	48
339	23/02/02	5	12	13	16	27	50
340	27/02/02	9	10	12	33	42	60
341	02/03/02	5	16	22	23	43	56
342	06/03/02	16	29	34	49	51	54
343	09/03/02	4	6	7	12	24	41
344	13/03/02	10	12	14	33	35	36
345	16/03/02	11	22	46	51	56	58
346	20/03/02	7	12	41	46	56	60
347	23/03/02	1	10	12	26	48	52
348	27/03/02	19	30	33	39	40	52
349	30/03/02	8	9	28	32	38	54
350	03/04/02	10	15	23	30	43	57
351	06/04/02	15	16	24	41	59	60
352	10/04/02	7	20	25	44	47	49
353	13/04/02	19	23	30	46	55	60
354	17/04/02	7	16	38	40	41	52
355	20/04/02	2	14	22	23	37	60
356	24/04/02	5	19	21	54	56	58
357	27/04/02	2	30	32	35	45	53
358	04/05/02	12	17	21	32	40	42
359	08/05/02	13	19	20	29	31	54
360	11/05/02	23	24	29	47	53	55
361	15/05/02	16	28	31	41	45	59
362	18/05/02	7	20	33	37	46	56
363	22/05/02	19	29	39	47	49	54
364	25/05/02	5	29	44	51	57	59
365	29/05/02	19	23	34	37	52	58
366	01/06/02	4	6	7	15	21	51
367	05/06/02	10	12	27	33	49	52
368	08/06/02	13	29	32	38	44	50
369	12/06/02	1	14	21	35	42	60
370	15/06/02	1	4	40	42	51	54
371	19/06/02	4	18	23	33	39	60
372	22/06/02	16	17	24	39	46	57
373	26/06/02	1	5	10	24	31	33
374	29/06/02	2	5	16	26	44	54
375	03/07/02	1	5	9	42	51	58
376	06/07/02	10	13	25	35	43	48
377	10/07/02	3	12	19	27	45	46
378	13/07/02	5	38	41	45	48	55
379	17/07/02	24	33	40	41	55	59
380	20/07/02	13	22	30	31	47	57
381	24/07/02	9	10	28	46	55	56
382	27/07/02	31	34	37	38	53	54
383	31/07/02	14	22	48	50	53	56
384	03/08/02	24	28	40	47	50	52
385	07/08/02	5	12	16	18	22	24
386	10/08/02	17	35	36	39	43	54
387	14/08/02	22	28	29	43	47	48
388	17/08/02	23	36	48	52	53	58
389	21/08/02	5	14	18	43	46	54
390	24/08/02	7	12	22	34	38	53
391	28/08/02	4	7	15	16	35	40
392	31/08/02	15	23	31	39	47	49
393	04/09/02	6	12	35	36	40	50
394	07/09/02	5	15	35	42	45	49
395	11/09/02	10	11	14	20	31	58
396	14/09/02	6	18	34	42	45	47
397	18/09/02	1	2	5	24	32	46
398	21/09/02	7	16	22	28	36	37
399	25/09/02	11	16	27	47	55	59
400	28/09/02	10	13	28	29	54	59
401	02/10/02	11	18	43	44	50	53
402	05/10/02	5	16	27	43	56	58
403	09/10/02	7	16	27	31	46	60
404	12/10/02	1	24	28	38	40	58
405	16/10/02	24	29	34	47	57	60
406	19/10/02	2	12	32	38	47	48
407	23/10/02	2	18	22	49	51	57
408	26/10/02	14	28	33	44	49	56
409	30/10/02	18	25	26	31	34	49
410	02/11/02	8	24	31	36	38	55
411	06/11/02	10	12	31	38	45	56
412	09/11/02	5	12	14	21	45	59
413	13/11/02	2	4	29	33	35	53
414	16/11/02	16	26	35	45	52	58
415	20/11/02	1	4	27	38	42	44
416	23/11/02	1	13	23	33	54	56
417	27/11/02	7	12	21	25	34	42
418	30/11/02	8	15	32	45	49	52
419	04/12/02	9	16	41	42	52	53
420	07/12/02	12	29	30	43	57	59
421	11/12/02	5	35	37	38	45	51
422	14/12/02	12	37	43	55	56	60
423	18/12/02	8	22	32	33	40	53
424	21/12/02	18	27	29	36	46	59
425	28/12/02	6	10	16	34	42	47
426	04/01/03	7	30	32	37	50	54
427	08/01/03	3	13	14	24	43	51
428	11/01/03	8	28	30	32	46	60
429	15/01/03	17	26	32	36	43	55
430	18/01/03	8	10	21	25	38	50
431	22/01/03	26	37	40	47	52	58
432	25/01/03	4	13	17	27	39	50
433	29/01/03	16	17	28	30	36	54
434	01/02/03	4	10	17	24	30	54
435	05/02/03	10	11	17	31	37	43
436	08/02/03	1	6	7	29	48	57
437	12/02/03	7	10	30	44	54	59
438	15/02/03	3	5	11	14	38	48
439	19/02/03	13	20	29	42	43	57
440	22/02/03	3	5	23	30	46	47
441	26/02/03	2	10	15	21	58	59
442	01/03/03	6	15	23	31	37	59
443	08/03/03	11	17	26	36	48	52
444	12/03/03	3	24	33	48	52	57
445	15/03/03	7	20	31	32	50	53
446	19/03/03	8	11	12	17	20	47
447	22/03/03	15	24	25	33	42	55
448	26/03/03	3	5	9	45	51	52
449	29/03/03	1	8	24	34	49	56
450	02/04/03	1	9	13	50	51	59
451	05/04/03	17	18	23	28	31	53
452	09/04/03	11	16	30	36	51	54
453	12/04/03	8	20	23	34	52	58
454	16/04/03	4	17	24	42	46	56
455	19/04/03	2	14	15	17	50	59
456	23/04/03	3	17	22	27	33	40
457	26/04/03	15	17	24	27	32	48
458	30/04/03	13	24	32	34	43	53
459	03/05/03	8	15	17	39	43	49
460	07/05/03	19	23	30	37	49	55
461	10/05/03	15	17	20	29	30	60
462	14/05/03	17	19	22	26	27	48
463	17/05/03	2	3	7	18	45	53
464	21/05/03	6	24	33	38	45	50
465	24/05/03	1	22	31	46	51	57
466	28/05/03	11	16	28	29	30	45
467	31/05/03	8	18	21	22	38	60
468	04/06/03	5	6	23	25	39	51
469	07/06/03	13	21	26	29	42	47
470	11/06/03	8	11	23	37	51	58
471	14/06/03	5	31	32	36	51	59
472	18/06/03	3	4	12	29	38	51
473	21/06/03	7	23	41	49	51	58
474	25/06/03	3	12	32	34	40	50
475	28/06/03	6	8	19	22	43	52
476	02/07/03	17	20	38	43	55	58
477	05/07/03	6	8	18	34	38	47
478	09/07/03	3	8	21	25	30	31
479	12/07/03	20	26	41	46	54	58
480	16/07/03	14	33	36	38	41	49
481	19/07/03	6	13	22	24	42	44
482	23/07/03	12	13	33	53	54	56
483	26/07/03	16	18	23	35	44	59
484	30/07/03	17	18	19	38	49	53
485	02/08/03	19	28	30	38	52	57
486	06/08/03	8	14	19	30	42	50
487	09/08/03	8	22	25	48	52	54
488	13/08/03	15	30	35	39	43	57
489	16/08/03	17	28	33	36	53	59
490	20/08/03	5	11	23	29	54	58
491	23/08/03	1	9	15	22	43	55
492	27/08/03	2	6	15	18	56	57
493	30/08/03	3	18	20	24	42	54
494	03/09/03	18	20	28	32	49	53
495	06/09/03	8	15	29	36	49	60
496	10/09/03	10	19	20	29	41	59
497	13/09/03	9	13	20	32	41	58
498	17/09/03	2	6	28	49	50	57
499	20/09/03	1	4	5	11	44	59
500	27/09/03	21	29	35	36	38	54
501	01/10/03	16	27	28	34	39	56
502	04/10/03	7	13	21	24	33	50
503	08/10/03	7	10	21	27	48	49
504	11/10/03	8	11	19	30	39	50
505	15/10/03	3	20	28	46	47	52
506	18/10/03	4	15	31	34	37	38
507	22/10/03	3	5	27	33	44	58
508	25/10/03	5	10	15	45	46	56
509	29/10/03	28	32	33	34	35	55
510	01/11/03	1	4	30	41	45	58
511	05/11/03	3	4	8	34	36	37
512	08/11/03	4	8	31	40	53	58
513	12/11/03	10	19	27	33	39	46
514	15/11/03	15	36	40	42	51	52
515	19/11/03	15	16	39	45	48	57
516	22/11/03	5	13	24	33	34	35
517	26/11/03	7	8	28	32	38	51
518	29/11/03	5	8	10	15	18	44
519	03/12/03	9	15	19	22	36	42
520	06/12/03	9	12	17	32	34	35
521	10/12/03	15	25	28	32	38	45
522	13/12/03	6	14	15	25	49	52
523	17/12/03	28	39	40	44	45	58
524	20/12/03	19	29	34	41	47	48
525	27/12/03	8	10	24	26	32	49
526	03/01/04	3	21	31	36	55	59
527	07/01/04	6	14	17	26	50	52
528	10/01/04	8	12	28	31	34	37
529	14/01/04	1	13	33	38	45	56
530	17/01/04	1	6	21	25	32	49
531	21/01/04	1	3	7	18	35	50
532	24/01/04	4	9	12	13	52	53
533	28/01/04	13	18	21	27	53	59
534	31/01/04	3	8	23	31	48	57
535	04/02/04	6	14	28	47	49	56
536	07/02/04	14	15	22	23	25	37
537	11/02/04	3	7	19	34	37	39
538	14/02/04	3	25	43	45	52	56
539	18/02/04	6	16	19	47	50	55
540	21/02/04	4	22	28	30	44	49
541	28/02/04	13	27	49	52	57	58
542	03/03/04	4	6	19	28	35	49
543	06/03/04	35	37	42	46	49	54
544	10/03/04	11	17	33	34	47	56
545	13/03/04	17	29	35	40	43	57
546	17/03/04	4	5	13	17	46	54
547	20/03/04	4	13	28	30	53	59
548	24/03/04	14	47	49	51	58	59
549	27/03/04	8	13	22	46	51	58
550	31/03/04	16	17	38	39	45	56
551	03/04/04	12	21	46	48	56	57
552	07/04/04	9	22	47	49	52	54
553	10/04/04	4	43	46	53	54	58
554	14/04/04	15	29	31	42	47	60
555	17/04/04	5	23	31	33	45	49
556	21/04/04	8	10	17	30	33	45
557	24/04/04	8	12	18	23	38	49
558	28/04/04	7	14	31	57	58	59
559	01/05/04	6	13	17	25	36	53
560	05/05/04	2	11	18	30	32	58
561	08/05/04	1	20	36	39	49	55
562	12/05/04	16	23	35	37	55	57
563	15/05/04	5	8	23	34	44	51
564	19/05/04	10	13	20	32	38	49
565	22/05/04	7	31	34	35	37	45
566	26/05/04	6	13	17	18	20	37
567	29/05/04	11	31	38	41	57	58
568	02/06/04	13	17	22	25	29	41
569	05/06/04	3	9	14	15	32	57
570	09/06/04	15	32	33	35	36	51
571	12/06/04	12	13	14	31	50	51
572	16/06/04	3	9	16	20	33	60
573	19/06/04	6	17	22	29	40	59
574	23/06/04	2	10	17	23	32	44
575	26/06/04	5	18	21	29	35	48
576	30/06/04	7	8	18	39	43	52
577	03/07/04	8	23	24	28	31	47
578	07/07/04	3	18	23	48	56	58
579	10/07/04	4	9	15	17	34	39
580	14/07/04	15	16	18	28	38	47
581	17/07/04	14	17	25	30	39	52
582	21/07/04	13	29	40	45	51	59
583	24/07/04	6	7	20	41	43	55
584	28/07/04	7	8	23	30	32	53
585	31/07/04	12	24	33	36	39	57
586	04/08/04	11	13	38	39	45	54
587	07/08/04	2	18	29	30	36	60
588	11/08/04	11	13	45	46	53	55
589	14/08/04	6	7	8	13	33	59
590	18/08/04	4	5	18	25	28	51
591	21/08/04	1	3	18	34	50	58
592	25/08/04	13	14	42	47	55	59
593	28/08/04	1	25	27	29	49	59
594	01/09/04	10	13	29	47	53	55
595	04/09/04	1	2	25	43	50	54
596	08/09/04	11	14	28	43	54	60
597	11/09/04	22	27	29	40	42	56
598	15/09/04	5	16	34	38	50	53
599	18/09/04	4	6	9	23	45	51
600	22/09/04	16	18	31	34	39	54
601	25/09/04	10	19	22	29	30	37
602	29/09/04	7	13	38	46	55	60
603	02/10/04	4	8	11	12	29	44
604	06/10/04	15	25	41	46	49	51
605	09/10/04	4	24	44	49	52	53
606	13/10/04	6	23	32	35	41	55
607	16/10/04	6	11	19	27	41	59
608	20/10/04	6	13	19	24	30	37
609	23/10/04	2	6	15	58	59	60
610	27/10/04	25	30	43	45	47	49
611	30/10/04	16	21	22	33	48	49
612	03/11/04	15	18	33	50	53	55
613	06/11/04	6	13	19	44	54	55
614	10/11/04	12	16	31	48	57	60
615	13/11/04	5	8	10	27	31	51
616	17/11/04	2	12	16	24	26	54
617	20/11/04	3	5	25	33	36	49
618	24/11/04	3	8	10	13	24	60
619	27/11/04	8	12	14	16	19	46
620	01/12/04	1	3	13	22	29	32
621	04/12/04	26	29	31	49	50	57
622	08/12/04	19	27	29	38	50	59
623	11/12/04	9	23	30	42	49	55
624	15/12/04	8	23	34	39	43	52
625	18/12/04	12	24	32	40	42	59
626	22/12/04	7	8	18	22	39	49
627	29/12/04	1	13	19	45	56	58
628	05/01/05	8	16	22	30	56	58
629	08/01/05	15	16	39	40	47	51
630	12/01/05	12	16	20	45	53	60
631	15/01/05	1	20	28	32	44	47
632	19/01/05	2	19	28	48	51	54
633	22/01/05	5	11	22	27	46	50
634	26/01/05	10	13	24	41	42	56
635	29/01/05	8	20	26	37	42	49
636	02/02/05	26	28	30	32	34	50
637	05/02/05	11	18	43	48	52	58
638	12/02/05	10	11	36	41	42	50
639	16/02/05	13	35	39	45	51	60
640	19/02/05	12	19	42	46	59	60
641	23/02/05	1	9	13	17	33	34
642	26/02/05	17	36	40	44	51	56
643	02/03/05	14	24	37	40	42	45
644	05/03/05	14	27	29	31	34	57
645	09/03/05	3	24	48	52	53	54
646	12/03/05	10	13	32	47	49	60
647	16/03/05	11	12	14	19	54	56
648	19/03/05	5	23	29	42	45	48
649	23/03/05	9	24	33	41	48	54
650	26/03/05	10	24	25	29	53	59
651	30/03/05	26	28	39	45	48	60
652	02/04/05	10	18	20	24	56	57
653	06/04/05	5	9	19	24	31	34
654	09/04/05	6	10	11	40	41	56
655	13/04/05	1	26	37	39	43	48
656	16/04/05	35	36	37	46	51	59
657	20/04/05	16	20	33	58	59	60
658	23/04/05	3	6	11	20	36	41
659	27/04/05	14	29	34	40	51	52
660	30/04/05	5	11	38	46	53	54
661	04/05/05	4	27	36	40	42	55
662	07/05/05	4	18	23	25	56	60
663	11/05/05	1	27	30	49	51	55
664	14/05/05	1	12	36	38	55	59
665	18/05/05	7	8	18	25	47	48
666	21/05/05	7	16	26	29	45	55
667	25/05/05	1	4	5	16	23	49
668	28/05/05	1	2	14	33	49	56
669	01/06/05	7	24	27	40	41	49
670	04/06/05	22	37	42	48	58	59
671	08/06/05	9	16	27	38	39	51
672	11/06/05	24	28	34	38	43	53
673	15/06/05	6	11	20	34	37	40
674	18/06/05	18	22	29	32	38	42
675	22/06/05	24	25	30	42	43	50
676	25/06/05	9	15	32	41	42	49
677	29/06/05	8	10	25	32	48	55
678	02/07/05	14	31	40	42	44	46
679	06/07/05	3	21	25	37	54	58
680	09/07/05	2	3	5	22	26	44
681	13/07/05	21	25	38	53	58	59
682	16/07/05	4	27	36	37	47	60
683	20/07/05	2	11	12	35	40	43
684	23/07/05	17	19	33	37	40	50
685	27/07/05	5	12	27	33	43	56
686	30/07/05	4	5	15	26	33	54
687	03/08/05	1	7	14	41	48	59
688	06/08/05	11	21	30	35	47	52
689	10/08/05	6	7	31	49	51	60
690	13/08/05	8	12	15	41	47	53
691	17/08/05	8	16	37	50	55	58
692	20/08/05	11	18	33	57	58	60
693	24/08/05	13	14	17	31	41	50
694	27/08/05	15	19	29	37	41	53
695	31/08/05	6	11	13	21	40	52
696	03/09/05	9	16	34	37	53	57
697	10/09/05	28	31	32	35	51	53
698	14/09/05	8	12	22	27	43	55
699	19/09/05	17	23	48	50	53	54
700	21/09/05	2	3	14	24	31	40
701	24/09/05	1	13	23	31	48	60
702	28/09/05	1	18	45	56	57	58
703	01/10/05	2	11	24	27	30	45
704	05/10/05	2	4	18	27	34	50
705	08/10/05	3	11	13	15	26	43
706	15/10/05	2	7	10	17	22	60
707	19/10/05	1	8	10	36	43	51
708	22/10/05	7	9	13	39	45	47
709	26/10/05	4	6	9	22	29	44
710	29/10/05	5	25	34	39	46	49
711	05/11/05	5	10	33	40	41	59
712	09/11/05	7	8	35	43	53	58
713	12/11/05	1	12	16	26	46	54
714	16/11/05	7	8	17	35	39	53
715	19/11/05	4	12	24	33	36	54
716	23/11/05	2	7	16	29	32	50
717	26/11/05	6	17	23	28	35	41
718	30/11/05	7	21	33	35	39	58
719	03/12/05	3	32	37	39	47	53
720	07/12/05	12	31	44	51	54	56
721	10/12/05	3	14	23	25	36	55
722	14/12/05	9	18	36	44	57	60
723	17/12/05	1	6	16	36	50	52
724	21/12/05	17	27	34	48	51	55
725	31/12/05	3	9	35	37	41	49
726	04/01/06	1	5	7	37	40	47
727	07/01/06	4	12	14	30	42	59
728	11/01/06	8	13	24	32	42	44
729	14/01/06	5	18	33	43	56	57
730	18/01/06	2	15	16	45	50	54
731	21/01/06	6	15	16	23	28	35
732	25/01/06	6	17	19	49	50	53
733	28/01/06	2	12	26	31	43	46
734	01/02/06	27	29	43	44	45	54
735	04/02/06	9	15	38	40	42	52
736	08/02/06	1	21	38	41	49	56
737	11/02/06	11	12	24	32	33	38
738	15/02/06	14	15	26	30	42	54
739	18/02/06	6	10	35	45	49	56
740	22/02/06	12	16	28	29	47	50
741	25/02/06	24	26	27	36	39	59
742	01/03/06	2	7	17	34	41	50
743	04/03/06	20	23	25	32	54	60
744	08/03/06	4	12	23	26	39	46
745	11/03/06	2	16	21	37	43	57
746	15/03/06	1	10	12	25	49	57
747	18/03/06	2	3	12	21	23	56
748	22/03/06	1	2	7	19	35	51
749	25/03/06	4	24	47	48	50	57
750	29/03/06	10	17	33	42	54	58
751	01/04/06	4	7	20	25	38	50
752	05/04/06	4	23	24	25	29	42
753	08/04/06	2	7	22	35	43	59
754	12/04/06	3	4	13	34	42	50
755	15/04/06	4	12	30	47	49	59
756	19/04/06	5	27	37	38	41	50
757	22/04/06	12	17	18	30	32	58
758	26/04/06	1	23	36	43	47	59
759	29/04/06	30	31	39	45	48	59
760	03/05/06	12	17	44	45	46	60
761	06/05/06	13	17	27	29	40	56
762	10/05/06	9	12	21	37	39	54
763	13/05/06	1	9	26	40	47	48
764	18/05/06	3	7	45	47	53	55
765	21/05/06	3	10	16	30	37	50
766	24/05/06	1	19	24	42	50	58
767	27/05/06	15	22	32	38	50	54
768	31/05/06	4	8	30	33	37	59
769	03/06/06	12	16	20	21	29	50
770	07/06/06	4	12	25	34	35	48
771	10/06/06	14	21	29	34	46	47
772	14/06/06	10	35	38	51	52	60
773	17/06/06	3	5	14	29	34	51
774	21/06/06	5	10	37	46	54	58
775	24/06/06	12	27	42	46	47	50
776	28/06/06	3	15	35	41	57	60
777	01/07/06	2	14	23	28	50	56
778	05/07/06	20	31	36	37	45	51
779	08/07/06	25	26	29	36	52	54
780	12/07/06	7	10	28	50	51	59
781	15/07/06	8	10	13	39	54	56
782	19/07/06	2	11	23	35	42	59
783	22/07/06	4	8	21	32	43	48
784	26/07/06	8	27	37	42	53	56
785	29/07/06	5	8	17	35	37	48
786	02/08/06	10	11	26	27	31	41
787	05/08/06	20	31	34	37	54	60
788	09/08/06	17	19	29	31	44	57
789	12/08/06	6	31	38	39	50	60
790	16/08/06	2	6	19	22	28	43
791	19/08/06	9	14	19	35	42	58
792	23/08/06	9	29	34	43	45	56
793	26/08/06	3	15	16	33	51	57
794	30/08/06	3	38	42	47	55	56
795	02/09/06	14	21	26	29	36	48
796	06/09/06	5	19	24	34	39	43
797	09/09/06	6	12	47	48	52	58
798	13/09/06	3	4	9	29	32	52
799	16/09/06	19	29	35	42	55	57
800	20/09/06	1	7	11	37	38	56
801	23/09/06	11	19	20	22	42	48
802	27/09/06	6	14	18	24	48	60
803	30/09/06	3	5	10	21	28	57
804	04/10/06	3	13	37	47	56	59
805	07/10/06	2	30	36	43	48	60
806	12/10/06	18	26	35	41	47	60
807	14/10/06	2	8	27	32	49	56
808	18/10/06	2	15	21	31	46	57
809	21/10/06	5	11	15	23	25	30
810	25/10/06	1	4	5	33	37	48
811	28/10/06	10	28	32	41	47	57
812	01/11/06	11	13	38	39	54	57
813	04/11/06	9	15	23	45	46	56
814	08/11/06	2	8	11	41	46	50
815	11/11/06	9	19	37	39	50	57
816	16/11/06	20	21	30	40	47	52
817	18/11/06	10	29	30	34	43	52
818	22/11/06	8	9	22	25	41	44
819	25/11/06	5	19	25	46	51	58
820	29/11/06	10	17	21	32	45	46
821	02/12/06	4	29	33	36	38	42
822	06/12/06	4	10	17	27	41	52
823	09/12/06	1	15	26	51	54	59
824	13/12/06	6	7	9	20	33	48
825	16/12/06	10	21	28	40	41	47
826	19/12/06	6	7	8	27	45	53
827	21/12/06	18	24	30	42	51	56
828	23/12/06	23	28	38	42	50	53
829	31/12/06	10	14	32	47	50	56
830	03/01/07	2	13	41	49	51	53
831	06/01/07	3	32	33	42	48	50
832	10/01/07	15	17	23	33	39	49
833	13/01/07	13	16	46	53	57	58
834	17/01/07	10	16	17	34	44	51
835	20/01/07	18	31	33	49	57	58
836	24/01/07	17	22	28	38	52	59
837	27/01/07	5	6	16	24	34	60
838	31/01/07	9	23	30	38	44	47
839	03/02/07	7	8	11	18	37	43
840	07/02/07	17	29	31	35	43	59
841	10/02/07	7	22	32	36	38	51
842	14/02/07	7	9	30	44	51	60
843	17/02/07	1	16	34	36	45	48
844	24/02/07	16	24	34	44	54	57
845	28/02/07	14	19	20	40	48	52
846	03/03/07	2	3	44	47	50	54
847	07/03/07	14	15	27	42	44	48
848	10/03/07	17	27	32	34	47	56
849	14/03/07	8	9	39	44	49	58
850	17/03/07	7	22	25	44	59	60
851	21/03/07	3	16	19	32	35	58
852	24/03/07	6	14	23	34	38	44
853	28/03/07	30	38	46	51	56	59
854	31/03/07	3	17	24	25	27	44
855	04/04/07	3	24	31	42	43	53
856	07/04/07	11	15	40	41	42	47
857	11/04/07	2	3	17	49	50	59
858	14/04/07	4	18	23	31	37	54
859	18/04/07	9	12	34	46	47	57
860	23/04/07	2	8	17	22	42	44
861	25/04/07	39	40	42	47	59	60
862	28/04/07	2	8	11	12	19	35
863	02/05/07	15	24	32	50	53	57
864	05/05/07	8	11	31	33	42	57
865	09/05/07	23	26	27	41	51	53
866	12/05/07	5	27	36	40	46	48
867	16/05/07	10	19	26	28	44	54
868	19/05/07	21	22	25	40	51	57
869	23/05/07	27	29	42	49	50	51
870	26/05/07	8	21	34	40	43	52
871	30/05/07	1	5	10	17	47	58
872	02/06/07	5	18	31	43	55	58
873	06/06/07	4	19	30	34	57	59
874	09/06/07	10	20	42	44	52	59
875	13/06/07	18	20	24	36	53	58
876	16/06/07	4	8	12	41	45	60
877	20/06/07	13	15	20	28	31	36
878	23/06/07	11	12	37	38	43	54
879	27/06/07	10	28	29	35	42	46
880	30/06/07	25	30	37	46	49	51
881	04/07/07	4	18	24	43	51	56
882	07/07/07	17	41	42	44	45	60
883	11/07/07	21	32	37	52	53	60
884	14/07/07	2	11	12	14	22	39
885	18/07/07	4	13	31	33	47	51
886	21/07/07	17	33	37	50	55	59
887	25/07/07	1	12	21	32	34	44
888	28/07/07	24	40	50	52	54	60
889	01/08/07	20	24	34	39	54	60
890	04/08/07	7	9	17	21	22	54
891	08/08/07	15	16	19	22	34	35
892	11/08/07	1	19	42	44	49	52
893	15/08/07	3	18	26	51	53	56
894	18/08/07	20	24	28	37	41	44
895	22/08/07	2	41	43	55	57	58
896	25/08/07	5	11	22	31	35	41
897	29/08/07	7	21	22	43	46	57
898	01/09/07	3	4	8	30	45	54
899	05/09/07	18	20	36	53	54	58
900	08/09/07	4	18	21	34	38	59
901	12/09/07	13	16	32	33	34	56
902	15/09/07	18	23	50	52	55	58
903	19/09/07	5	17	20	32	41	55
904	22/09/07	32	44	48	51	53	59
905	26/09/07	2	4	15	16	55	57
906	29/09/07	7	14	24	29	35	39
907	03/10/07	9	36	37	41	51	53
908	06/10/07	1	9	19	25	50	52
909	10/10/07	17	22	26	28	38	42
910	13/10/07	3	15	27	29	36	53
911	17/10/07	1	6	28	29	46	49
912	20/10/07	4	19	21	26	29	54
913	24/10/07	14	30	36	38	46	59
914	27/10/07	9	12	23	33	45	51
915	31/10/07	17	20	26	28	48	49
916	03/11/07	5	28	33	36	37	38
917	07/11/07	23	25	30	46	47	59
918	10/11/07	4	8	12	38	44	52
919	14/11/07	3	25	31	41	43	60
920	17/11/07	5	17	24	52	55	57
921	21/11/07	1	9	35	41	48	57
922	24/11/07	12	13	19	41	45	49
923	28/11/07	2	15	39	50	53	57
924	01/12/07	2	20	21	27	51	60
925	05/12/07	8	22	36	37	46	52
926	08/12/07	21	33	34	40	41	59
927	12/12/07	19	23	26	31	33	36
928	15/12/07	4	10	32	33	49	60
929	19/12/07	16	27	35	39	49	57
930	22/12/07	20	28	37	46	49	55
931	31/12/07	7	17	19	34	36	39
932	05/01/08	2	17	21	36	42	53
933	09/01/08	8	14	25	39	45	51
934	12/01/08	1	3	21	25	44	48
935	16/01/08	7	13	18	29	31	45
936	19/01/08	5	14	22	29	33	44
937	23/01/08	2	21	22	30	41	52
938	26/01/08	15	27	35	50	57	59
939	30/01/08	6	19	23	37	49	50
940	02/02/08	5	25	31	33	37	51
941	06/02/08	10	11	15	27	53	60
942	09/02/08	5	8	18	42	52	59
943	13/02/08	3	12	23	41	47	58
944	16/02/08	16	37	43	52	58	59
945	20/02/08	4	8	27	44	54	59
946	23/02/08	1	5	12	47	52	59
947	27/02/08	3	5	11	14	33	58
948	01/03/08	22	41	44	46	52	54
949	05/03/08	1	23	41	44	51	52
950	08/03/08	23	41	42	48	49	59
951	12/03/08	14	24	34	39	49	55
952	15/03/08	2	11	18	27	30	54
953	19/03/08	1	16	39	42	48	55
954	22/03/08	5	8	18	24	33	57
955	26/03/08	5	12	21	32	33	35
956	29/03/08	46	47	51	54	57	59
957	02/04/08	24	25	32	34	50	57
958	05/04/08	7	13	22	33	48	51
959	09/04/08	3	5	11	33	39	57
960	12/04/08	6	18	19	33	34	53
961	16/04/08	2	4	16	21	36	53
962	19/04/08	2	11	40	48	49	55
963	23/04/08	15	17	37	48	50	59
964	26/04/08	8	13	20	26	33	42
965	30/04/08	5	30	36	39	57	58
966	03/05/08	1	4	26	28	41	58
967	07/05/08	5	13	14	18	30	57
968	10/05/08	1	4	13	30	51	60
969	14/05/08	13	25	35	41	50	56
970	17/05/08	5	21	28	34	54	57
971	21/05/08	4	11	14	33	44	45
972	24/05/08	15	18	31	33	34	56
973	28/05/08	1	8	30	36	47	53
974	31/05/08	12	16	20	31	38	45
975	04/06/08	9	30	33	37	40	41
976	07/06/08	14	23	25	28	38	53
977	11/06/08	3	5	7	9	17	32
978	14/06/08	12	16	18	27	42	58
979	18/06/08	3	15	28	31	39	51
980	21/06/08	15	17	29	35	36	59
981	25/06/08	1	8	34	41	53	58
982	28/06/08	8	12	24	40	43	49
983	02/07/08	16	22	32	38	40	45
984	05/07/08	4	10	20	43	46	47
985	09/07/08	4	16	18	46	56	59
986	12/07/08	6	15	19	24	31	32
987	16/07/08	13	27	31	34	47	58
988	19/07/08	8	17	46	48	56	60
989	23/07/08	2	21	27	29	32	38
990	26/07/08	2	10	15	18	29	39
991	30/07/08	8	9	15	38	41	60
992	02/08/08	1	4	6	8	25	28
993	06/08/08	5	24	25	26	42	60
994	09/08/08	3	20	29	40	44	58
995	13/08/08	4	16	31	36	54	55
996	16/08/08	7	15	20	21	23	29
997	20/08/08	9	17	18	32	53	55
998	23/08/08	3	4	21	22	28	32
999	27/08/08	18	24	36	44	55	58
1000	30/08/08	29	38	39	49	53	58
1001	03/09/08	12	15	27	37	51	60
1002	06/09/08	3	7	25	31	40	58
1003	10/09/08	5	10	16	23	26	27
1004	13/09/08	29	40	43	44	45	47
1005	17/09/08	4	6	12	37	41	42
1006	20/09/08	2	4	17	33	48	55
1007	24/09/08	4	27	36	37	49	52
1008	27/09/08	7	13	15	34	42	48
1009	01/10/08	1	6	12	29	34	58
1010	04/10/08	2	3	13	37	46	54
1011	08/10/08	2	11	21	30	35	52
1012	11/10/08	14	19	40	47	55	58
1013	15/10/08	7	9	12	19	20	41
1014	18/10/08	8	9	25	41	57	60
1015	22/10/08	3	8	17	26	28	49
1016	25/10/08	5	9	11	20	25	60
1017	29/10/08	6	19	31	34	51	56
1018	01/11/08	9	24	44	51	55	58
1019	05/11/08	4	13	23	29	46	47
1020	08/11/08	1	2	19	32	39	52
1021	12/11/08	2	33	42	43	51	55
1022	16/11/08	5	21	31	39	40	56
1023	19/11/08	2	7	8	18	40	45
1024	22/11/08	18	22	28	29	39	53
1025	26/11/08	10	27	28	29	40	52
1026	29/11/08	6	10	17	33	51	53
1027	03/12/08	18	20	33	44	47	60
1028	06/12/08	20	26	34	51	52	54
1029	10/12/08	5	16	17	20	24	32
1030	13/12/08	1	8	23	37	54	57
1031	17/12/08	24	33	40	43	46	49
1032	20/12/08	15	16	26	29	43	57
1033	24/12/08	5	6	17	33	39	54
1034	27/12/08	1	3	18	20	42	49
1035	31/12/08	1	11	26	51	59	60
1036	03/01/09	10	27	36	39	41	52
1037	07/01/09	4	36	44	46	53	56
1038	10/01/09	6	7	28	35	43	51
1039	14/01/09	2	20	24	27	36	52
1040	17/01/09	1	6	28	39	44	55
1041	21/01/09	10	12	36	44	54	57
1042	24/01/09	13	18	25	30	46	51
1043	28/01/09	14	21	25	48	51	60
1044	31/01/09	10	11	13	35	39	58
1045	04/02/09	1	5	6	17	31	50
1046	07/02/09	28	40	42	54	55	57
1047	11/02/09	1	2	8	10	14	48
1048	14/02/09	3	16	21	28	38	57
1049	18/02/09	2	5	17	29	34	52
1050	21/02/09	14	24	26	33	45	60
1051	25/02/09	7	10	11	13	43	57
1052	28/02/09	8	11	15	16	52	57
1053	04/03/09	15	27	34	42	49	53
1054	07/03/09	13	14	18	27	41	60
1055	11/03/09	12	15	16	20	27	32
1056	14/03/09	6	8	38	50	53	59
1057	18/03/09	2	3	4	15	49	59
1058	21/03/09	18	20	24	45	51	57
1059	25/03/09	1	12	14	16	37	45
1060	28/03/09	1	3	16	18	41	42
1061	01/04/09	9	21	23	30	41	56
1062	04/04/09	2	8	23	33	37	55
1063	08/04/09	1	22	44	47	49	50
1064	11/04/09	4	16	19	28	29	49
1065	15/04/09	7	19	30	39	43	57
1066	18/04/09	6	10	25	32	43	49
1067	22/04/09	4	10	14	25	28	56
1068	25/04/09	25	27	44	47	48	57
1069	29/04/09	9	17	28	45	49	53
1070	02/05/09	5	8	16	23	41	53
1071	06/05/09	5	7	37	43	53	54
1072	09/05/09	9	18	19	43	47	54
1073	13/05/09	8	25	32	34	36	44
1074	16/05/09	3	10	23	29	47	50
1075	20/05/09	10	12	16	21	39	53
1076	23/05/09	4	10	19	32	33	42
1077	27/05/09	5	6	9	11	18	37
1078	30/05/09	3	6	34	41	43	45
1079	03/06/09	5	12	24	28	36	37
1080	06/06/09	11	18	20	34	41	56
1081	10/06/09	9	16	24	29	52	56
1082	13/06/09	4	17	38	40	50	55
1083	17/06/09	10	20	23	28	42	43
1084	20/06/09	5	20	29	33	40	59
1085	24/06/09	12	21	39	40	50	55
1086	27/06/09	2	4	6	10	23	45
1087	01/07/09	3	20	28	32	36	46
1088	04/07/09	6	24	31	35	42	57
1089	08/07/09	2	18	20	32	37	48
1090	11/07/09	9	20	24	36	40	42
1091	15/07/09	17	23	24	27	49	56
1092	18/07/09	1	9	30	33	34	40
1093	22/07/09	19	23	27	38	41	49
1094	25/07/09	9	10	21	36	41	48
1095	29/07/09	10	16	21	23	27	36
1096	01/08/09	3	13	14	16	41	52
1097	05/08/09	1	17	21	33	48	56
1098	08/08/09	11	20	21	30	50	52
1099	12/08/09	14	31	35	38	44	55
1100	15/08/09	7	17	18	33	41	42
1101	19/08/09	6	7	10	12	24	57
1102	22/08/09	9	11	23	35	46	51
1103	26/08/09	10	19	28	41	55	56
1104	29/08/09	2	3	6	35	49	58
1105	02/09/09	1	15	28	43	50	57
1106	05/09/09	4	15	43	47	50	60
1107	09/09/09	3	9	20	36	53	54
1108	12/09/09	7	9	39	43	44	60
1109	16/09/09	6	8	11	14	29	52
1110	19/09/09	6	14	26	28	42	45
1111	23/09/09	4	9	25	32	33	43
1112	26/09/09	4	32	34	43	52	58
1113	30/09/09	3	6	29	36	47	59
1114	03/10/09	3	15	16	22	25	54
1115	07/10/09	18	30	37	41	44	50
1116	10/10/09	4	9	13	17	20	47
1117	14/10/09	1	6	17	27	35	40
1118	17/10/09	8	20	21	43	44	55
1119	21/10/09	10	34	41	44	45	54
1120	24/10/09	7	35	40	44	50	55
1121	28/10/09	4	17	18	54	56	59
1122	31/10/09	26	44	46	49	55	56
1123	04/11/09	4	14	19	39	45	60
1124	07/11/09	7	11	16	18	33	49
1125	11/11/09	3	7	29	33	42	56
1126	14/11/09	4	31	42	52	57	59
1127	18/11/09	5	8	14	24	29	30
1128	21/11/09	8	16	24	39	52	60
1129	25/11/09	12	17	19	32	47	55
1130	28/11/09	5	18	23	32	49	54
1131	02/12/09	1	8	16	34	36	49
1132	05/12/09	12	27	30	33	52	55
1133	09/12/09	5	10	16	21	39	58
1134	12/12/09	9	22	29	36	51	56
1135	16/12/09	4	5	6	19	23	39
1136	19/12/09	7	31	32	34	37	43
1137	22/12/09	19	21	25	28	43	50
1138	24/12/09	2	4	15	18	25	36
1139	26/12/09	9	28	31	36	37	42
1140	31/12/09	10	27	40	46	49	58
1141	02/01/10	9	37	40	50	58	60
1142	06/01/10	3	15	26	28	31	58
1143	09/01/10	3	30	35	44	47	60
1144	13/01/10	1	10	18	19	44	49
1145	16/01/10	3	16	19	24	33	60
1146	20/01/10	6	10	28	33	34	53
1147	23/01/10	6	23	31	33	39	52
1148	27/01/10	27	28	29	32	48	55
1149	30/01/10	7	8	23	36	46	54
1150	03/02/10	15	17	28	31	35	52
1151	06/02/10	1	4	14	21	25	51
1152	10/02/10	14	20	29	36	44	47
1153	13/02/10	6	17	19	34	46	55
1154	17/02/10	4	12	14	21	26	28
1155	20/02/10	20	28	40	41	51	58
1156	24/02/10	9	24	31	44	48	49
1157	27/02/10	9	29	41	43	46	49
1158	03/03/10	23	30	31	54	55	60
1159	06/03/10	5	6	34	46	53	55
1160	10/03/10	1	3	5	18	40	48
1161	13/03/10	4	7	42	47	48	51
1162	17/03/10	18	22	25	30	31	41
1163	20/03/10	5	17	31	47	51	53
1164	24/03/10	6	14	17	26	40	49
1165	27/03/10	20	40	42	52	54	60
1166	31/03/10	22	28	30	31	35	54
1167	03/04/10	20	28	43	51	52	56
1168	07/04/10	4	5	20	47	53	56
1169	10/04/10	1	11	14	23	42	48
1170	14/04/10	11	13	27	34	46	49
1171	17/04/10	3	10	13	30	41	57
1172	20/04/10	6	12	28	43	52	56
1173	24/04/10	5	7	24	25	36	47
1174	28/04/10	6	7	39	47	51	52
1175	30/04/10	2	3	12	16	37	47
1176	05/05/10	11	14	21	30	33	49
1177	08/05/10	33	38	47	50	52	55
1178	12/05/10	1	22	30	45	50	53
1179	15/05/10	5	22	28	47	59	60
1180	19/05/10	12	30	34	44	57	60
1181	22/05/10	18	20	26	31	44	45
1182	26/05/10	2	4	29	52	56	60
1183	29/05/10	5	10	12	20	29	37
1184	02/06/10	4	9	23	27	28	30
1185	05/06/10	2	10	21	35	43	54
1186	09/06/10	7	8	12	13	15	41
1187	12/06/10	8	17	19	40	43	49
1188	16/06/10	9	20	44	52	59	60
1189	19/06/10	14	21	27	31	35	50
1190	23/06/10	10	11	19	37	53	56
1191	26/06/10	3	11	16	22	25	33
1192	30/06/10	17	20	49	52	57	59
1193	03/07/10	2	9	12	14	32	54
1194	07/07/10	6	13	24	41	50	53
1195	10/07/10	17	20	26	27	55	57
1196	14/07/10	3	6	19	20	58	60
1197	17/07/10	36	37	39	49	54	60
1198	21/07/10	22	29	36	41	48	58
1199	24/07/10	16	19	23	28	39	58
1200	28/07/10	3	10	11	39	54	56
1201	31/07/10	28	32	36	49	55	60
1202	04/08/10	8	9	11	48	53	60
1203	07/08/10	7	9	30	33	38	55
1204	11/08/10	5	10	25	39	43	52
1205	14/08/10	4	13	14	26	29	35
1206	18/08/10	2	6	11	36	37	48
1207	21/08/10	9	11	22	32	35	56
1208	25/08/10	1	12	20	26	45	54
1209	28/08/10	5	14	17	30	35	38
1210	01/09/10	3	7	9	10	31	34
1211	04/09/10	3	15	31	36	48	54
1212	08/09/10	2	23	33	35	40	50
1213	11/09/10	3	11	26	34	45	53
1214	15/09/10	5	29	30	36	41	48
1215	18/09/10	10	25	30	47	50	51
1216	22/09/10	4	7	13	25	27	58
1217	25/09/10	5	11	15	28	43	50
1218	29/09/10	10	23	29	31	33	46
1219	02/10/10	2	33	34	37	41	53
1220	06/10/10	5	15	43	48	52	55
1221	09/10/10	5	14	37	43	46	58
1222	13/10/10	5	8	19	26	48	57
1223	16/10/10	15	17	35	42	47	48
1224	20/10/10	19	21	27	41	53	57
1225	23/10/10	31	32	34	40	50	55
1226	27/10/10	10	31	40	50	55	56
1227	30/10/10	4	28	30	31	35	54
1228	03/11/10	10	23	36	50	52	60
1229	06/11/10	12	30	32	40	49	60
1230	10/11/10	9	12	19	22	35	37
1231	13/11/10	5	20	23	27	39	49
1232	17/11/10	8	11	12	15	18	22
1233	20/11/10	22	29	32	49	54	59
1234	24/11/10	3	5	19	24	30	35
1235	27/11/10	10	16	20	26	49	55
1236	01/12/10	3	8	17	20	38	53
1237	04/12/10	5	18	21	26	39	59
1238	08/12/10	13	14	24	39	40	45
1239	11/12/10	1	15	37	39	48	52
1240	15/12/10	8	9	12	22	42	49
1241	18/12/10	10	13	25	26	28	45
1242	20/12/10	11	34	45	48	51	54
1243	22/12/10	9	19	23	29	32	57
1244	24/12/10	2	8	15	25	34	45
1245	31/12/10	2	10	34	37	43	50
1246	05/01/11	10	37	40	43	57	59
1247	08/01/11	3	9	11	24	36	51
1248	12/01/11	20	33	34	57	58	60
1249	15/01/11	3	8	36	40	51	53
1250	19/01/11	1	2	24	40	51	59
1251	22/01/11	5	27	34	46	48	52
1252	26/01/11	2	14	35	39	49	51
1253	29/01/11	2	17	23	43	44	51
1254	02/02/11	7	9	14	18	29	39
1255	05/02/11	5	23	38	39	51	54
1256	09/02/11	26	33	35	38	43	53
1257	12/02/11	2	15	26	27	30	52
1258	16/02/11	11	26	47	55	57	59
1259	19/02/11	4	6	39	46	54	58
1260	23/02/11	19	23	29	31	41	53
1261	26/02/11	10	14	22	41	42	53
1262	02/03/11	5	7	8	9	11	39
1263	05/03/11	4	18	26	36	41	53
1264	09/03/11	4	17	36	37	51	56
1265	12/03/11	13	19	24	46	50	60
1266	16/03/11	6	10	33	39	42	60
1267	19/03/11	4	20	30	41	47	58
1268	23/03/11	3	16	17	44	53	60
1269	26/03/11	4	5	15	17	27	51
1270	30/03/11	5	9	24	31	33	42
1271	02/04/11	1	2	39	48	52	59
1272	06/04/11	13	26	27	28	35	52
1273	09/04/11	13	19	26	40	58	60
1274	13/04/11	13	17	21	39	40	59
1275	16/04/11	2	14	48	55	58	60
1276	20/04/11	5	9	11	22	36	40
1277	23/04/11	12	18	31	50	59	60
1278	27/04/11	4	16	24	25	30	56
1279	30/04/11	8	14	29	35	36	40
1280	04/05/11	6	10	16	20	29	54
1281	07/05/11	8	11	14	30	36	38
1282	11/05/11	4	23	39	52	55	56
1283	14/05/11	8	30	40	44	59	60
1284	18/05/11	20	21	26	29	31	36
1285	21/05/11	10	15	28	31	33	38
1286	25/05/11	2	5	28	33	51	52
1287	28/05/11	11	12	31	33	42	52
1288	01/06/11	17	30	32	40	42	56
1289	04/06/11	1	3	8	13	27	52
1290	08/06/11	2	3	14	23	34	50
1291	11/06/11	18	40	47	54	57	58
1292	15/06/11	9	11	23	30	31	54
1293	18/06/11	1	13	24	40	44	50
1294	22/06/11	4	6	29	48	50	51
1295	25/06/11	2	5	15	20	43	57
1296	29/06/11	10	14	43	46	49	53
1297	02/07/11	2	5	11	13	56	59
1298	06/07/11	14	15	30	53	55	60
1299	09/07/11	8	22	32	43	53	56
1300	13/07/11	43	44	46	53	54	59
1301	16/07/11	3	16	23	25	51	56
1302	20/07/11	2	10	15	44	56	57
1303	23/07/11	8	19	46	51	52	54
1304	27/07/11	7	14	15	20	23	35
1305	30/07/11	3	5	11	36	44	46
1306	03/08/11	6	19	22	34	43	45
1307	06/08/11	7	10	32	43	47	54
1308	09/08/11	7	8	24	30	33	47
1309	11/08/11	7	12	25	26	32	39
1310	13/08/11	8	9	14	32	53	59
1311	17/08/11	7	9	12	19	45	54
1312	20/08/11	5	20	22	28	29	30
1313	24/08/11	1	4	26	39	43	49
1314	27/08/11	38	42	44	52	58	60
1315	31/08/11	1	27	29	38	50	52
1316	03/09/11	8	13	25	34	42	48
1317	08/09/11	6	13	29	30	35	37
1318	10/09/11	11	14	16	28	34	46
1319	14/09/11	4	5	16	18	27	51
1320	17/09/11	17	24	25	38	41	55
1321	21/09/11	10	47	51	53	59	60
1322	24/09/11	10	21	43	47	53	55
1323	28/09/11	6	15	25	37	48	55
1324	01/10/11	18	29	31	44	51	57
1325	05/10/11	2	5	16	20	35	43
1326	08/10/11	10	11	18	19	30	50
1327	13/10/11	16	35	36	41	52	54
1328	15/10/11	10	23	27	43	53	59
1329	19/10/11	7	8	11	39	43	50
1330	22/10/11	8	18	21	30	48	49
1331	26/10/11	9	24	26	39	46	57
1332	29/10/11	3	5	13	24	35	59
1333	03/11/11	25	26	28	33	42	51
1334	05/11/11	1	6	8	10	25	27
1335	09/11/11	3	14	20	22	49	51
1336	12/11/11	1	32	38	47	51	54
1337	16/11/11	2	20	35	38	45	51
1338	19/11/11	1	18	19	33	43	60
1339	23/11/11	7	10	14	16	54	59
1340	26/11/11	13	21	30	36	59	60
1341	30/11/11	1	11	20	37	40	52
1342	03/12/11	5	7	42	46	50	60
1343	07/12/11	19	20	31	42	51	56
1344	10/12/11	8	19	21	36	42	59
1345	14/12/11	7	17	19	26	40	50
1346	17/12/11	12	32	40	47	48	59
1347	20/12/11	9	19	45	46	54	56
1348	22/12/11	7	12	38	39	45	56
1349	24/12/11	9	19	20	50	51	60
1350	31/12/11	3	4	29	36	45	55
1351	04/01/12	13	33	36	41	50	56
1352	07/01/12	9	18	24	35	36	59
1353	11/01/12	3	11	13	27	32	47
1354	14/01/12	2	8	38	42	48	49
1355	18/01/12	11	17	24	39	46	49
1356	21/01/12	6	13	21	22	31	46
1357	25/01/12	1	19	24	26	52	55
1358	28/01/12	3	15	16	35	37	47
1359	01/02/12	6	10	12	17	28	53
1360	04/02/12	2	16	17	25	50	54
1361	08/02/12	23	27	30	37	38	44
1362	11/02/12	2	12	19	22	36	58
1363	15/02/12	25	35	42	45	52	57
1364	18/02/12	10	13	20	40	44	53
1365	22/02/12	2	24	26	32	35	50
1366	25/02/12	12	27	37	44	54	59
1367	01/03/12	2	7	13	29	38	43
1368	03/03/12	10	21	26	29	32	38
1369	07/03/12	5	16	24	32	38	46
1370	10/03/12	2	4	5	27	49	59
1371	14/03/12	3	4	8	11	47	49
1372	17/03/12	3	36	40	46	58	60
1373	21/03/12	7	27	39	52	55	57
1374	24/03/12	6	21	28	31	33	43
1375	28/03/12	14	25	28	45	53	58
1376	31/03/12	9	11	21	49	53	54
1377	04/04/12	2	5	12	13	25	35
1378	07/04/12	2	5	17	18	54	59
1379	11/04/12	5	12	36	45	50	58
1380	14/04/12	3	14	52	55	57	60
1381	18/04/12	11	27	30	40	44	57
1382	20/04/12	5	13	16	17	27	55
1383	25/04/12	7	9	23	44	46	55
1384	28/04/12	2	18	30	31	45	56
1385	02/05/12	27	35	36	37	42	59
1386	05/05/12	12	28	38	39	51	56
1387	09/05/12	18	27	32	43	50	52
1388	12/05/12	22	29	31	43	50	54
1389	16/05/12	1	16	28	39	44	57
1390	19/05/12	4	19	27	28	29	31
1391	23/05/12	7	12	19	34	40	53
1392	26/05/12	2	8	12	28	33	43
1393	30/05/12	4	18	24	28	39	44
1394	02/06/12	11	16	24	35	46	50
1395	06/06/12	5	11	17	19	44	48
1396	09/06/12	29	48	52	54	55	58
1397	13/06/12	3	4	7	15	27	56
1398	16/06/12	14	32	33	40	42	51
1399	20/06/12	34	39	43	56	57	60
1400	23/06/12	9	26	34	43	53	54
1401	27/06/12	11	12	25	33	48	54
1402	30/06/12	2	9	10	21	27	38
1403	04/07/12	13	16	20	26	39	42
1404	07/07/12	7	8	27	31	32	51
1405	11/07/12	3	14	17	32	37	39
1406	14/07/12	7	10	17	24	38	57
1407	18/07/12	18	29	31	42	43	53
1408	21/07/12	4	19	20	24	39	43
1409	25/07/12	6	19	26	47	50	58
1410	28/07/12	18	29	40	42	50	54
1411	01/08/12	8	12	32	44	46	48
1412	04/08/12	6	8	24	37	41	45
1413	07/08/12	13	15	33	45	54	55
1414	09/08/12	21	37	44	46	49	57
1415	11/08/12	26	36	40	46	49	51
1416	15/08/12	3	19	22	24	35	49
1417	18/08/12	5	12	45	52	56	59
1418	22/08/12	7	8	10	12	27	56
1419	25/08/12	17	21	30	48	52	58
1420	29/08/12	2	11	16	18	36	45
1421	01/09/12	19	31	39	44	53	59
1422	05/09/12	2	5	13	17	39	44
1423	08/09/12	3	8	21	25	27	43
1424	12/09/12	3	7	15	29	38	60
1425	15/09/12	7	16	29	36	38	50
1426	19/09/12	6	15	18	24	30	44
1427	22/09/12	8	39	44	47	53	56
1428	26/09/12	7	15	19	34	37	55
1429	29/09/12	9	12	22	39	48	60
1430	03/10/12	2	19	22	30	46	52
1431	06/10/12	5	9	13	33	40	54
1432	10/10/12	16	24	25	42	45	59
1433	13/10/12	4	13	14	40	46	52
1434	17/10/12	3	18	22	34	55	58
1435	20/10/12	4	15	45	47	50	52
1436	24/10/12	1	13	23	24	30	57
1437	27/10/12	22	23	26	37	38	48
1438	31/10/12	7	14	31	33	36	49
1439	03/11/12	2	34	35	42	43	55
1440	07/11/12	2	6	28	36	51	56
1441	10/11/12	17	29	36	38	53	56
1442	14/11/12	12	13	20	30	34	49
1443	17/11/12	12	20	32	48	52	54
1444	21/11/12	2	5	27	28	48	55
1445	24/11/12	5	19	32	41	49	58
1446	28/11/12	6	13	24	32	40	51
1447	01/12/12	1	19	28	33	39	41
1448	05/12/12	1	25	29	36	56	60
1449	08/12/12	2	6	18	30	52	56
1450	12/12/12	26	27	31	38	44	45
1451	15/12/12	2	10	11	33	52	57
1452	18/12/12	2	14	28	50	57	58
1453	20/12/12	6	13	25	32	47	57
1454	22/12/12	4	27	29	41	48	52
1455	31/12/12	14	32	33	36	41	52
1456	02/01/13	6	8	14	26	36	40
1457	05/01/13	15	16	34	42	46	59
1458	09/01/13	2	4	16	33	44	51
1459	12/01/13	2	6	30	34	35	52
1460	16/01/13	4	14	27	38	50	52
1461	19/01/13	31	36	44	47	49	54
1462	23/01/13	5	9	25	27	38	40
1463	26/01/13	13	22	28	29	40	48
1464	30/01/13	2	24	32	50	54	59
1465	02/02/13	6	11	16	26	44	53
1466	06/02/13	4	6	13	34	37	51
1467	09/02/13	23	24	26	41	52	53
1468	13/02/13	1	2	10	19	20	37
1469	16/02/13	4	13	35	54	56	58
1470	20/02/13	2	34	36	38	51	55
1471	23/02/13	10	25	33	36	40	58
1472	27/02/13	12	18	23	25	45	50
1473	02/03/13	2	12	33	57	58	60
1474	06/03/13	1	2	3	11	28	43
1475	09/03/13	12	13	37	44	48	51
1476	13/03/13	4	10	26	37	47	57
1477	16/03/13	3	4	46	50	56	59
1478	20/03/13	10	27	37	40	47	55
1479	23/03/13	21	48	50	54	57	60
1480	27/03/13	9	14	21	26	36	52
1481	30/03/13	17	27	28	40	44	55
1482	03/04/13	6	9	11	34	41	53
1483	06/04/13	1	35	39	53	55	56
1484	10/04/13	17	20	24	29	49	53
1485	13/04/13	4	27	30	36	54	59
1486	17/04/13	1	6	10	34	40	54
1487	20/04/13	4	9	17	23	28	53
1488	24/04/13	4	22	25	38	45	51
1489	27/04/13	1	15	24	26	28	48
1490	02/05/13	1	3	31	32	43	52
1491	04/05/13	6	26	45	50	56	60
1492	08/05/13	4	9	18	44	46	48
1493	11/05/13	7	12	24	27	30	49
1494	15/05/13	2	14	24	28	35	50
1495	18/05/13	4	13	14	44	49	57
1496	22/05/13	14	18	28	41	47	54
1497	25/05/13	4	5	7	27	45	58
1498	29/05/13	6	11	27	40	46	49
1499	01/06/13	8	22	26	33	37	54
1500	05/06/13	10	18	31	43	57	59
1501	08/06/13	1	7	13	29	37	54
1502	12/06/13	6	22	43	51	52	57
1503	15/06/13	3	4	16	22	36	42
1504	19/06/13	2	10	12	30	41	42
1505	22/06/13	1	2	6	9	16	32
1506	26/06/13	3	14	18	34	42	49
1507	29/06/13	24	46	50	51	52	56
1508	03/07/13	17	18	30	35	39	58
1509	06/07/13	1	6	27	46	51	59
1510	10/07/13	1	8	17	44	46	53
1511	13/07/13	4	8	17	29	31	45
1512	17/07/13	11	28	35	42	46	58
1513	20/07/13	17	28	31	56	57	58
1514	24/07/13	16	17	23	42	59	60
1515	27/07/13	4	13	14	18	49	59
1516	31/07/13	4	18	20	34	45	60
1517	03/08/13	7	17	38	45	52	56
1518	06/08/13	8	9	28	41	48	55
1519	08/08/13	5	6	15	23	56	59
1520	10/08/13	7	31	35	36	46	48
1521	14/08/13	11	14	18	30	33	39
1522	17/08/13	5	8	23	32	33	56
1523	21/08/13	22	25	31	39	41	44
1524	24/08/13	2	12	40	46	52	53
1525	28/08/13	2	26	30	35	46	54
1526	31/08/13	10	16	28	47	51	59
1527	04/09/13	16	32	36	42	44	48
1528	06/09/13	4	13	15	19	36	58
1529	11/09/13	11	15	17	34	35	49
1530	14/09/13	10	16	28	33	48	53
1531	18/09/13	12	13	24	41	42	44
1532	21/09/13	2	11	23	31	42	44
1533	25/09/13	13	21	29	34	47	57
1534	28/09/13	1	12	28	29	34	48
1535	02/10/13	8	9	25	41	54	55
1536	05/10/13	13	18	29	32	50	58
1537	09/10/13	6	10	33	50	51	56
1538	11/10/13	23	27	35	52	53	57
1539	16/10/13	8	10	20	26	49	58
1540	19/10/13	3	17	27	32	47	54
1541	23/10/13	5	24	37	44	49	58
1542	26/10/13	7	11	12	30	39	57
1543	30/10/13	7	15	20	23	30	41
1544	01/11/13	2	21	30	35	45	50
1545	06/11/13	4	6	11	24	45	48
1546	09/11/13	4	17	38	44	53	60
1547	13/11/13	2	9	10	18	21	28
1548	16/11/13	19	41	42	44	47	54
1549	20/11/13	10	12	16	20	32	53
1550	23/11/13	9	13	21	27	36	56
1551	27/11/13	2	15	19	21	23	38
1552	30/11/13	7	18	24	26	39	46
1553	04/12/13	20	21	22	29	46	60
1554	07/12/13	30	32	49	50	52	53
1555	11/12/13	2	5	23	33	52	59
1556	14/12/13	1	4	7	10	11	52
1557	17/12/13	4	16	18	31	45	46
1558	19/12/13	7	15	17	31	42	54
1559	21/12/13	8	12	16	29	37	58
1560	31/12/13	20	30	36	38	47	53
1561	02/01/14	23	26	28	54	55	60
1562	04/01/14	10	12	23	37	47	51
1563	09/01/14	1	6	13	20	36	43
1564	11/01/14	25	38	44	46	53	54
1565	15/01/14	18	37	39	41	43	51
1566	18/01/14	5	6	11	32	36	60
1567	22/01/14	2	15	30	38	48	53
1568	25/01/14	19	24	25	28	42	58
1569	29/01/14	5	15	18	31	42	53
1570	01/02/14	15	18	24	42	46	56
1571	05/02/14	3	29	32	46	55	60
1572	08/02/14	20	27	42	45	46	47
1573	12/02/14	7	16	21	35	36	38
1574	15/02/14	6	27	28	33	46	48
1575	19/02/14	1	4	5	14	45	56
1576	22/02/14	13	15	21	26	30	46
1577	26/02/14	11	14	25	32	51	59
1578	01/03/14	3	6	30	37	53	56
1579	05/03/14	25	34	40	49	51	60
1580	08/03/14	1	6	14	17	33	36
1581	12/03/14	14	15	25	30	31	34
1582	15/03/14	1	4	13	17	38	48
1583	19/03/14	2	9	17	18	45	47
1584	22/03/14	3	22	27	28	50	54
1585	26/03/14	2	43	47	48	49	55
1586	29/03/14	8	39	43	46	47	58
1587	02/04/14	8	19	21	30	52	56
1588	05/04/14	23	29	32	36	45	49
1589	09/04/14	4	5	11	19	41	51
1590	12/04/14	7	20	34	40	44	55
1591	16/04/14	4	10	23	33	38	55
1592	19/04/14	31	36	38	41	42	49
1593	23/04/14	4	9	17	18	21	38
1594	26/04/14	6	7	8	23	43	53
1595	30/04/14	2	5	8	42	46	59
1596	03/05/14	1	5	7	10	12	45
1597	07/05/14	5	10	16	44	50	52
1598	10/05/14	29	31	36	42	47	53
1599	14/05/14	3	10	15	35	36	58
1600	17/05/14	9	23	32	35	46	57
1601	21/05/14	8	10	24	45	56	60
1602	24/05/14	8	12	22	35	40	44
1603	28/05/14	13	20	27	31	53	60
1604	31/05/14	2	21	24	27	40	51
1605	04/06/14	9	19	21	30	31	42
1606	07/06/14	1	15	37	42	46	54
1607	11/06/14	7	31	32	41	51	52
1608	14/06/14	5	6	17	43	54	59
1609	18/06/14	2	6	13	26	53	60
1610	21/06/14	1	4	9	35	36	53
1611	25/06/14	24	28	47	50	51	58
1612	28/06/14	6	13	17	36	42	51
1613	02/07/14	4	18	31	44	46	49
1614	05/07/14	14	17	21	27	43	49
1615	09/07/14	5	20	26	31	33	44
1616	12/07/14	28	31	40	42	46	58
1617	16/07/14	3	23	26	31	47	54
1618	19/07/14	9	20	24	43	51	52
1619	23/07/14	5	8	17	42	46	47
1620	26/07/14	13	23	27	34	38	57
1621	30/07/14	10	22	24	38	39	49
1622	02/08/14	4	5	7	21	45	53
1623	05/08/14	33	43	49	50	56	59
1624	07/08/14	2	27	32	41	47	58
1625	09/08/14	11	22	36	40	45	52
1626	13/08/14	3	5	14	35	43	52
1627	16/08/14	20	26	32	41	45	57
1628	20/08/14	26	29	34	38	50	60
1629	23/08/14	4	20	24	35	47	59
1630	27/08/14	1	7	30	43	44	54
1631	30/08/14	4	29	44	47	48	60
1632	03/09/14	6	18	24	27	56	59
1633	06/09/14	1	2	11	13	36	49
1634	10/09/14	9	10	23	33	44	51
1635	13/09/14	8	23	28	30	32	51
1636	17/09/14	19	26	33	35	51	52
1637	20/09/14	1	5	24	47	55	56
1638	24/09/14	1	2	38	41	42	58
1639	27/09/14	16	29	34	35	49	51
1640	01/10/14	2	6	18	23	31	46
1641	04/10/14	23	29	30	33	46	51
1642	08/10/14	3	23	42	43	47	60
1643	11/10/14	16	19	20	28	37	60
1644	15/10/14	10	13	16	22	34	60
1645	18/10/14	8	18	21	31	37	38
1646	22/10/14	19	23	34	40	41	58
1647	25/10/14	12	17	23	38	53	54
1648	29/10/14	15	16	18	20	22	48
1649	01/11/14	24	33	38	42	44	54
1650	05/11/14	17	23	29	38	57	60
1651	08/11/14	8	27	35	38	41	44
1652	12/11/14	7	24	26	28	44	57
1653	14/11/14	1	21	22	27	32	45
1654	19/11/14	7	16	33	42	50	58
1655	22/11/14	7	24	28	46	53	56
1656	26/11/14	4	6	11	43	54	56
1657	29/11/14	7	10	14	37	45	54
1658	03/12/14	7	11	19	23	40	49
1659	06/12/14	4	10	20	33	37	49
1660	10/12/14	8	17	34	38	42	51
1661	13/12/14	13	16	27	43	48	58
1662	17/12/14	10	14	25	29	33	57
1663	20/12/14	18	20	27	40	49	55
1664	24/12/14	8	21	23	29	36	48
1665	31/12/14	1	5	11	16	20	56
1666	03/01/15	1	2	23	27	45	51
1667	07/01/15	7	12	24	44	51	56
1668	10/01/15	5	40	47	52	55	57
1669	14/01/15	28	29	31	45	48	49
1670	17/01/15	1	17	19	30	33	47
1671	21/01/15	21	27	31	45	55	56
1672	24/01/15	1	3	5	10	20	42
1673	28/01/15	5	10	23	24	35	47
1674	31/01/15	22	30	42	50	58	59
1675	04/02/15	3	18	34	35	36	56
1676	07/02/15	1	2	11	37	48	51
1677	11/02/15	10	15	28	33	51	52
1678	14/02/15	9	11	17	19	35	52
1679	18/02/15	1	2	27	28	46	47
1680	21/02/15	23	37	38	46	47	51
1681	25/02/15	1	6	8	11	33	50
1682	28/02/15	7	13	35	37	39	51
1683	04/03/15	4	12	32	33	34	48
1684	07/03/15	9	12	18	31	39	50
1685	11/03/15	3	18	31	39	46	51
1686	14/03/15	9	14	37	44	46	55
1687	18/03/15	15	24	37	46	49	58
1688	21/03/15	18	23	30	32	42	56
1689	25/03/15	2	5	13	27	41	53
1690	28/03/15	21	24	26	35	45	53
1691	01/04/15	1	10	24	39	45	58
1692	04/04/15	11	13	14	27	44	56
1693	08/04/15	5	15	18	19	21	38
1694	11/04/15	20	29	34	37	45	57
1695	15/04/15	24	36	38	43	44	58
1696	18/04/15	1	12	17	31	37	46
1697	22/04/15	8	23	30	51	53	58
1698	25/04/15	11	13	24	28	44	45
1699	29/04/15	1	6	10	30	33	38
1700	02/05/15	15	18	41	48	50	58
1701	05/05/15	3	9	18	32	40	56
1702	07/05/15	17	19	33	35	39	52
1703	09/05/15	3	23	26	35	39	49
1704	13/05/15	1	7	11	32	51	59
1705	16/05/15	25	27	29	37	50	51
1706	20/05/15	12	31	34	36	48	56
1707	23/05/15	7	16	20	27	36	52
1708	27/05/15	17	29	32	38	45	50
1709	30/05/15	7	19	30	35	42	47
1710	03/06/15	7	21	28	56	58	59
1711	06/06/15	22	26	38	39	45	50
1712	10/06/15	2	12	19	29	50	59
1713	13/06/15	3	10	16	23	27	29
1714	17/06/15	2	8	24	36	51	52
1715	20/06/15	16	20	35	40	53	60
1716	24/06/15	2	25	36	41	42	53
1717	27/06/15	2	9	16	37	44	58
1718	01/07/15	4	30	31	32	47	53
1719	04/07/15	1	22	31	34	44	54
1720	07/07/15	18	23	31	39	49	57
1721	09/07/15	4	12	19	33	36	38
1722	11/07/15	9	23	39	41	49	58
1723	15/07/15	14	27	30	46	52	60
1724	18/07/15	27	33	37	39	58	60
1725	22/07/15	16	18	26	30	31	34
1726	25/07/15	3	10	42	49	54	57
1727	29/07/15	4	6	19	20	40	41
1728	01/08/15	3	8	28	39	42	59
1729	04/08/15	7	14	23	43	44	53
1730	06/08/15	1	10	17	24	42	51
1731	08/08/15	5	18	27	43	49	59
1732	12/08/15	25	34	38	45	53	60
1733	15/08/15	3	5	9	14	41	46
1734	19/08/15	12	17	25	29	41	52
1735	22/08/15	6	16	33	34	45	46
1736	26/08/15	12	13	24	29	32	41
1737	29/08/15	5	8	42	50	51	59
1738	02/09/15	12	28	37	46	48	53
1739	05/09/15	9	10	17	32	34	46
1740	09/09/15	10	15	25	38	47	53
1741	12/09/15	15	18	20	32	48	49
1742	16/09/15	11	19	21	23	27	52
1743	19/09/15	4	10	29	31	34	35
1744	23/09/15	9	12	14	29	42	56
1745	26/09/15	9	13	18	47	52	60
1746	30/09/15	6	18	37	40	41	58
1747	03/10/15	6	33	34	48	53	59
1748	07/10/15	2	10	13	41	49	53
1749	10/10/15	3	13	14	29	33	43
1750	13/10/15	15	17	20	31	41	48
1751	15/10/15	15	22	23	42	51	57
1752	17/10/15	9	36	37	53	55	60
1753	21/10/15	8	15	29	35	45	54
1754	24/10/15	20	27	30	31	40	53
1755	28/10/15	2	5	8	18	30	48
1756	31/10/15	6	13	14	28	35	45
1757	04/11/15	13	25	28	37	43	56
1758	07/11/15	6	11	16	23	36	42
1759	10/11/15	2	14	21	22	51	60
1760	13/11/15	10	24	25	36	47	48
1761	14/11/15	9	10	36	50	53	55
1762	18/11/15	26	32	42	45	55	59
1763	21/11/15	9	12	15	21	31	36
1764	25/11/15	6	7	29	39	41	55
1765	28/11/15	1	6	28	37	56	58
1766	02/12/15	22	23	41	46	53	60
1767	05/12/15	16	26	35	39	44	45
1768	09/12/15	5	7	11	34	35	50
1769	12/12/15	32	37	44	47	54	60
1770	16/12/15	11	26	27	30	34	41
1771	19/12/15	2	20	27	28	32	38
1772	22/12/15	12	19	27	39	41	45
1773	24/12/15	15	30	39	41	45	59
1774	26/12/15	1	12	20	30	52	60
1775	31/12/15	2	18	31	42	51	56
1776	02/01/16	10	11	14	19	39	48
1777	06/01/16	4	19	38	44	52	55
1778	09/01/16	4	10	38	40	45	48
1779	12/01/16	12	25	30	39	56	57
1780	14/01/16	6	20	22	31	33	34
1781	16/01/16	1	8	22	49	52	53
1782	20/01/16	6	18	34	47	52	57
1783	23/01/16	4	6	16	18	21	38
1784	27/01/16	4	15	26	30	54	55
1785	30/01/16	5	11	27	41	42	54
1786	02/02/16	2	6	8	21	25	34
1787	04/02/16	1	5	13	25	26	29
1788	06/02/16	3	13	42	45	56	59
1789	10/02/16	6	25	43	57	58	59
1790	13/02/16	11	13	26	27	28	50
1791	17/02/16	12	18	46	50	53	55
1792	20/02/16	2	16	17	18	41	47
1793	24/02/16	13	14	22	54	56	58
1794	27/02/16	1	5	34	37	40	60
1795	02/03/16	30	42	47	50	55	58
1796	05/03/16	22	23	34	48	53	54
1797	08/03/16	2	13	14	35	54	57
1798	10/03/16	2	9	23	28	45	53
1799	12/03/16	1	3	4	39	51	53
1800	16/03/16	6	11	16	19	31	56
1801	19/03/16	6	19	34	43	45	54
1802	23/03/16	2	6	13	14	17	44
1803	26/03/16	4	8	29	38	49	50
1804	30/03/16	20	21	28	48	50	59
1805	02/04/16	17	22	27	31	49	57
1806	06/04/16	11	20	35	42	55	58
1807	09/04/16	1	15	16	22	25	43
1808	13/04/16	2	14	20	25	41	45
1809	16/04/16	9	12	23	24	46	54
1810	20/04/16	1	10	25	43	50	56
1811	23/04/16	5	17	32	35	37	57
1812	27/04/16	20	23	32	34	37	45
1813	30/04/16	9	11	13	15	19	51
1814	03/05/16	9	11	27	46	51	53
1815	05/05/16	8	11	25	39	41	60
1816	07/05/16	5	10	12	22	28	46
1817	11/05/16	1	4	26	39	47	55
1818	14/05/16	2	6	10	15	53	56
1819	18/05/16	17	18	26	30	33	37
1820	21/05/16	3	19	23	27	40	45
1821	25/05/16	19	22	31	36	52	53
1822	28/05/16	1	22	26	43	50	53
1823	01/06/16	4	9	21	34	54	59
1824	04/06/16	5	6	12	19	30	60
1825	07/06/16	10	11	21	50	51	54
1826	09/06/16	17	19	32	43	48	51
1827	11/06/16	26	33	42	43	53	54
1828	15/06/16	6	11	32	40	48	59
1829	18/06/16	7	13	24	30	32	53
1830	22/06/16	3	7	29	37	54	60
1831	25/06/16	15	27	28	32	48	55
1832	29/06/16	14	34	46	47	56	57
1833	02/07/16	2	3	7	16	27	42
1834	06/07/16	2	17	22	24	48	51
1835	09/07/16	8	28	36	47	50	58
1836	12/07/16	8	15	18	45	59	60
1837	14/07/16	41	44	48	50	54	57
1838	16/07/16	5	8	24	30	57	59
1839	20/07/16	7	22	28	32	56	58
1840	23/07/16	15	17	33	41	47	48
1841	27/07/16	3	6	13	38	49	51
1842	30/07/16	16	18	22	24	34	43
1843	03/08/16	8	26	28	33	41	54
1844	06/08/16	3	4	37	39	48	50
1845	09/08/16	3	9	13	29	30	51
1846	11/08/16	6	24	26	30	34	49
1847	13/08/16	1	6	45	49	50	57
1848	17/08/16	9	40	41	50	55	58
1849	20/08/16	3	5	11	27	35	44
1850	24/08/16	23	24	32	38	40	41
1851	27/08/16	8	18	21	22	35	37
1852	31/08/16	13	17	29	45	49	50
1853	03/09/16	1	2	34	39	41	45
1854	08/09/16	25	30	31	34	43	59
1855	10/09/16	6	10	15	24	38	39
1856	14/09/16	2	9	14	22	32	37
1857	17/09/16	13	23	25	35	52	53
1858	20/09/16	22	28	30	33	55	59
1859	22/09/16	1	13	14	21	26	51
1860	24/09/16	10	30	36	40	44	60
1861	28/09/16	2	4	9	35	45	60
1862	01/10/16	2	8	35	42	49	56
1863	05/10/16	16	23	45	56	58	59
1864	08/10/16	4	5	14	37	40	60
1865	13/10/16	1	5	31	32	37	42
1866	15/10/16	14	17	36	38	44	60
1867	18/10/16	3	10	17	21	22	43
1868	20/10/16	1	5	23	25	28	31
1869	22/10/16	11	23	24	26	40	52
1870	26/10/16	18	20	30	32	33	40
1871	29/10/16	3	11	17	33	52	58
1872	03/11/16	11	13	25	39	46	56
1873	05/11/16	5	25	28	41	53	54
1874	08/11/16	10	28	37	43	44	47
1875	10/11/16	1	45	47	52	53	55
1876	12/11/16	7	18	39	41	44	51
1877	16/11/16	13	16	23	24	32	35
1878	19/11/16	12	16	26	40	56	57
1879	23/11/16	5	10	20	57	58	59
1880	26/11/16	5	16	19	37	51	56
1881	30/11/16	3	10	30	44	53	56
1882	03/12/16	9	10	19	35	37	41
1883	07/12/16	16	27	28	47	59	60
1884	10/12/16	1	4	23	32	38	59
1885	14/12/16	7	14	18	23	32	59
1886	17/12/16	3	7	15	40	45	54
1887	20/12/16	11	23	34	41	46	56
1888	22/12/16	1	10	17	18	45	48
1889	24/12/16	16	23	25	28	30	44
1890	31/12/16	5	11	22	24	51	53
1891	04/01/17	1	3	19	23	47	58
1892	07/01/17	6	17	22	30	37	50
1893	11/01/17	16	17	19	28	45	58
1894	14/01/17	21	31	35	53	54	57
1895	18/01/17	2	3	5	10	15	34
1896	21/01/17	3	6	14	15	21	25
1897	25/01/17	9	22	25	47	52	58
1898	28/01/17	12	34	45	53	55	58
1899	01/02/17	20	23	35	36	44	48
1900	04/02/17	8	11	27	28	43	46
1901	08/02/17	11	12	26	30	37	53
1902	11/02/17	2	7	9	18	21	25
1903	15/02/17	9	10	15	28	43	45
1904	18/02/17	12	15	18	21	51	56
1905	21/02/17	29	35	43	54	56	57
1906	23/02/17	6	27	33	39	40	60
1907	25/02/17	3	25	35	38	44	48
1908	01/03/17	4	10	13	23	27	57
1909	04/03/17	11	40	43	45	47	57
1910	08/03/17	6	9	15	22	39	48
1911	11/03/17	16	18	23	30	32	33
1912	15/03/17	10	13	33	35	36	42
1913	18/03/17	4	14	17	43	52	56
1914	22/03/17	16	29	33	39	42	44
1915	25/03/17	2	20	21	33	48	57
1916	29/03/17	3	9	18	23	50	52
1917	01/04/17	4	21	25	33	36	46
1918	05/04/17	16	17	20	22	38	50
1919	08/04/17	11	28	37	45	54	60
1920	12/04/17	25	31	33	39	43	45
1921	15/04/17	10	15	16	19	28	35
1922	19/04/17	20	22	36	38	41	43
1923	22/04/17	9	34	42	45	46	59
1924	26/04/17	12	16	30	52	53	58
1925	29/04/17	1	17	38	43	45	47
1926	03/05/17	2	3	14	20	30	46
1927	06/05/17	5	11	13	19	30	31
1928	09/05/17	10	26	28	51	53	59
1929	11/05/17	3	10	23	36	43	52
1930	13/05/17	4	17	18	37	52	56
1931	17/05/17	2	8	9	15	22	34
1932	20/05/17	10	16	21	29	44	55
1933	24/05/17	2	14	15	19	35	59
1934	27/05/17	8	23	35	39	56	59
1935	31/05/17	1	3	10	17	23	24
1936	03/06/17	3	12	24	40	51	52
1937	07/06/17	6	10	24	29	43	55
1938	10/06/17	10	16	32	40	42	54
1939	14/06/17	7	24	29	39	45	52
1940	17/06/17	9	13	16	17	36	47
1941	21/06/17	1	9	24	38	48	49
1942	24/06/17	6	18	20	24	43	48
1943	28/06/17	9	11	12	30	39	43
1944	01/07/17	8	9	39	47	57	59
1945	04/07/17	4	8	10	21	45	54
1946	06/07/17	4	6	39	44	52	60
1947	08/07/17	8	33	40	52	55	59
1948	12/07/17	12	20	24	28	33	57
1949	15/07/17	1	6	14	22	30	56
1950	19/07/17	10	21	32	34	48	57
1951	22/07/17	14	16	19	21	33	55
1952	26/07/17	9	21	36	38	52	53
1953	29/07/17	9	26	29	42	43	45
1954	02/08/17	9	25	33	35	40	49
1955	05/08/17	15	27	33	36	41	45
1956	08/08/17	5	8	20	28	40	45
1957	10/08/17	2	14	22	23	29	47
1958	12/08/17	15	20	22	24	34	55
1959	16/08/17	8	21	27	35	43	56
1960	19/08/17	1	18	25	37	39	43
1961	23/08/17	17	25	26	30	32	50
1962	26/08/17	5	6	15	25	39	53
1963	30/08/17	4	5	7	34	42	60
1964	02/09/17	2	27	32	36	48	50
1965	06/09/17	26	28	35	38	48	55
1966	09/09/17	10	13	19	32	40	60
1967	13/09/17	13	30	32	39	46	54
1968	16/09/17	35	36	39	44	48	52
1969	19/09/17	8	20	30	32	48	59
1970	21/09/17	5	10	18	24	39	52
1971	23/09/17	4	10	41	44	52	54
1972	27/09/17	9	16	20	54	57	59
1973	30/09/17	1	12	16	17	52	60
1974	04/10/17	4	19	27	38	54	57
1975	07/10/17	8	11	24	26	47	57
1976	11/10/17	12	14	19	25	52	59
1977	14/10/17	3	16	28	32	34	37
1978	17/10/17	2	6	22	44	55	57
1979	19/10/17	22	23	29	32	38	45
1980	21/10/17	12	16	17	18	34	37
1981	25/10/17	6	15	19	37	39	53
1982	28/10/17	4	14	20	24	46	50
1983	01/11/17	5	6	10	14	22	36
1984	04/11/17	21	29	32	35	43	50
1985	07/11/17	9	28	29	34	36	55
1986	09/11/17	23	36	43	44	55	56
1987	11/11/17	10	14	31	34	45	58
1988	16/11/17	5	10	39	42	46	54
1989	18/11/17	15	22	30	32	40	58
1990	22/11/17	11	24	26	34	37	59
1991	25/11/17	19	20	28	34	36	44
1992	29/11/17	5	11	13	21	53	54
1993	02/12/17	6	17	33	48	50	57
1994	06/12/17	2	5	12	32	40	44
1995	09/12/17	14	26	29	35	37	39
1996	13/12/17	7	20	21	24	40	56
1997	16/12/17	1	7	14	31	35	46
1998	19/12/17	8	21	24	25	52	57
1999	21/12/17	15	37	38	42	49	50
2000	31/12/17	3	6	10	17	34	37
2001	03/01/18	20	22	36	42	52	60
2002	06/01/18	4	28	30	38	46	59
2003	10/01/18	28	34	40	43	50	51
2004	13/01/18	1	5	14	23	35	45
2005	17/01/18	11	19	22	33	34	53
2006	20/01/18	1	9	14	20	25	54
2007	24/01/18	4	14	39	41	54	58
2008	27/01/18	22	27	33	42	58	59
2009	31/01/18	1	37	44	46	48	50
2010	03/02/18	8	10	18	34	39	56
2011	06/02/18	2	28	32	35	54	58
2012	08/02/18	8	11	27	35	36	51
2013	10/02/18	6	23	30	36	53	56
2014	14/02/18	16	32	40	46	53	56
2015	17/02/18	17	18	27	32	39	58
2016	21/02/18	4	11	17	18	21	48
2017	24/02/18	2	10	11	24	38	56
2018	28/02/18	11	22	25	27	55	59
2019	03/03/18	23	41	46	52	54	59
2020	07/03/18	2	36	46	48	57	60
2021	10/03/18	7	14	32	37	40	60
2022	14/03/18	4	28	45	48	52	60
2023	17/03/18	1	6	7	8	23	56
2024	21/03/18	16	20	23	29	35	47
2025	24/03/18	4	24	46	52	55	56
2026	28/03/18	10	23	31	33	51	52
2027	31/03/18	11	15	29	37	39	44
2028	04/04/18	7	11	24	36	42	58
2029	07/04/18	6	15	18	33	37	40
2030	11/04/18	4	27	38	40	58	59
2031	14/04/18	18	23	37	39	50	55
2032	17/04/18	6	14	19	20	39	53
2033	20/04/18	10	18	33	38	40	43
2034	25/04/18	6	7	13	17	22	56
2035	28/04/18	30	35	36	38	49	52
2036	02/05/18	7	8	19	23	27	58
2037	05/05/18	14	16	23	30	45	60
2038	08/05/18	6	25	26	35	38	40
2039	10/05/18	6	12	22	28	31	44
2040	12/05/18	6	9	41	54	56	58
2041	16/05/18	10	12	22	25	42	54
2042	19/05/18	14	22	29	32	33	35
2043	23/05/18	21	38	53	56	57	58
2044	26/05/18	7	14	47	54	56	60
2045	30/05/18	15	25	27	45	46	50
2046	02/06/18	3	6	11	27	28	46
2047	06/06/18	1	18	19	29	44	54
2048	09/06/18	10	19	26	35	38	39
2049	13/06/18	10	19	27	31	51	53
2050	16/06/18	8	31	32	33	38	50
2051	20/06/18	1	5	6	37	44	53
2052	23/06/18	50	51	56	57	58	59
2053	27/06/18	12	22	27	37	40	55
2054	30/06/18	4	7	12	22	26	39
2055	03/07/18	6	25	35	43	46	53
2056	05/07/18	18	22	29	34	36	47
2057	07/07/18	10	13	20	37	38	54
2058	11/07/18	4	19	23	29	56	59
2059	14/07/18	4	5	36	40	44	56
2060	18/07/18	8	9	11	25	39	41
2061	21/07/18	33	36	40	44	45	54
2062	25/07/18	8	10	15	23	25	34
2063	28/07/18	6	10	19	24	25	29
2064	01/08/18	10	14	36	53	55	60
2065	04/08/18	4	11	20	30	37	43
2066	08/08/18	6	25	27	35	45	55
2067	11/08/18	2	11	13	26	32	59
2068	14/08/18	3	5	9	40	42	47
2069	16/08/18	3	17	34	35	40	48
2070	18/08/18	5	26	27	34	42	48
2071	22/08/18	24	33	34	35	46	60
2072	25/08/18	10	12	13	20	22	54
2073	29/08/18	12	15	18	30	52	55
2074	01/09/18	8	18	23	37	42	58
2075	05/09/18	7	9	23	33	57	59
2076	08/09/18	5	6	12	15	22	43
2077	12/09/18	13	16	26	35	37	39
2078	15/09/18	2	11	15	30	36	39
2079	18/09/18	1	2	14	37	55	58
2080	20/09/18	10	22	40	46	55	58
2081	22/09/18	13	18	35	40	41	42
2082	26/09/18	6	25	33	42	48	49
2083	29/09/18	1	18	19	33	56	60
2084	03/10/18	7	20	26	37	38	39
2085	06/10/18	12	21	25	37	38	49
2086	10/10/18	4	35	43	46	47	53
2087	13/10/18	2	18	19	23	34	53
2088	17/10/18	3	14	24	27	38	56
2089	20/10/18	5	10	32	38	48	49
2090	23/10/18	8	11	18	37	40	51
2091	25/10/18	10	11	12	37	38	59
2092	27/10/18	11	13	15	17	22	27
2093	31/10/18	8	14	27	34	52	54
2094	03/11/18	4	16	19	31	33	44
2095	07/11/18	16	29	35	43	49	56
2096	10/11/18	6	11	13	19	24	51
2097	14/11/18	9	24	28	45	49	51
2098	17/11/18	2	8	18	27	38	60
2099	21/11/18	5	15	20	27	30	58
2100	24/11/18	1	10	11	13	35	49
2101	28/11/18	2	8	18	37	56	58
2102	01/12/18	4	6	17	34	51	57
2103	04/12/18	3	13	40	44	46	50
2104	06/12/18	2	10	12	27	45	56
2105	08/12/18	11	13	16	24	31	46
2106	12/12/18	3	27	36	39	40	43
2107	15/12/18	8	38	44	50	56	60
2108	18/12/18	19	22	29	41	44	59
2109	20/12/18	4	12	16	34	44	49
2110	31/12/18	5	10	12	18	25	33
2111	02/01/19	1	41	44	46	54	58
2112	05/01/19	17	39	43	46	52	53
2113	09/01/19	11	14	21	25	46	50
2114	12/01/19	17	25	30	35	42	57
2115	15/01/19	4	19	27	35	40	44
2116	17/01/19	1	9	19	21	34	54
2117	19/01/19	4	28	29	30	43	52
2118	23/01/19	11	12	20	40	41	46
2119	26/01/19	19	21	26	31	42	49
2120	30/01/19	13	20	24	25	38	41
2121	02/02/19	8	10	17	29	37	40
2122	06/02/19	3	11	15	21	27	49
2123	09/02/19	14	15	47	50	56	59
2124	13/02/19	2	11	20	31	43	47
2125	16/02/19	1	31	44	46	53	58
2126	20/02/19	7	12	24	27	39	58
2127	23/02/19	1	7	28	30	44	46
2128	26/02/19	11	16	24	46	54	55
2129	28/02/19	6	12	31	32	46	60
2130	02/03/19	13	16	36	53	54	55
2131	06/03/19	2	3	6	18	20	28
2132	09/03/19	5	18	30	35	39	60
2133	13/03/19	19	20	26	51	52	57
2134	16/03/19	6	21	34	46	54	59
2135	20/03/19	9	23	28	40	48	59
2136	23/03/19	1	8	11	22	30	35
2137	27/03/19	1	2	11	12	34	49
2138	30/03/19	4	13	14	21	30	34
2139	03/04/19	14	23	29	41	57	58
2140	06/04/19	17	20	26	36	42	54
2141	10/04/19	10	11	17	19	37	41
2142	13/04/19	7	40	44	50	52	57
2143	17/04/19	2	12	35	51	57	58
2144	20/04/19	7	16	21	33	55	60
2145	24/04/19	6	8	28	51	53	59
2146	27/04/19	16	18	31	39	42	44
2147	02/05/19	17	19	37	41	42	49
2148	04/05/19	8	15	32	33	58	59
2149	08/05/19	21	23	37	44	46	48
2150	11/05/19	23	24	26	38	42	49
2151	15/05/19	2	14	18	29	36	38
2152	18/05/19	26	29	36	49	50	59
2153	22/05/19	8	13	28	31	32	33
2154	25/05/19	7	25	41	47	50	53
2155	29/05/19	2	6	27	37	44	47
2156	01/06/19	1	6	23	26	39	49
2157	05/06/19	31	33	34	35	39	48
2158	08/06/19	9	27	35	45	46	59
2159	12/06/19	14	26	35	38	45	53
2160	15/06/19	1	19	46	47	49	53
2161	19/06/19	8	9	10	24	42	44
2162	22/06/19	11	16	22	30	34	42
2163	26/06/19	8	18	20	24	36	45
2164	29/06/19	16	17	25	47	48	58
2165	03/07/19	5	37	43	49	54	56
2166	06/07/19	3	19	34	44	56	58
2167	09/07/19	27	37	38	43	45	54
2168	11/07/19	1	4	25	27	29	37
2169	13/07/19	7	34	45	51	54	59
2170	17/07/19	10	21	24	36	38	51
2171	20/07/19	12	13	19	36	44	55
2172	24/07/19	9	24	28	37	43	57
2173	27/07/19	2	9	42	44	48	50
2174	31/07/19	10	15	34	36	56	60
2175	03/08/19	7	25	32	43	53	55
2176	06/08/19	8	23	25	39	43	44
2177	08/08/19	9	11	14	31	48	51
2178	10/08/19	2	16	21	42	50	56
2179	14/08/19	2	13	24	35	50	54
2180	17/08/19	10	12	16	21	28	38
2181	21/08/19	1	8	19	33	36	48
2182	24/08/19	19	22	39	46	47	59
2183	28/08/19	13	26	30	34	43	51
2184	31/08/19	15	36	45	51	52	59
2185	04/09/19	9	18	19	22	42	47
2186	09/09/19	12	18	19	27	41	46
2187	11/09/19	10	11	16	21	46	50
2188	14/09/19	2	17	21	28	51	60
2189	18/09/19	4	11	16	22	29	33
2190	21/09/19	5	9	20	25	35	53
2191	24/09/19	4	8	26	33	46	53
2192	26/09/19	7	16	37	53	57	59
2193	28/09/19	7	8	22	27	29	42
2194	02/10/19	8	16	20	21	31	34
2195	05/10/19	14	24	32	38	46	53
2196	09/10/19	1	25	27	28	41	56
2197	14/10/19	3	11	29	35	44	57
2198	16/10/19	1	11	34	36	44	56
2199	19/10/19	15	23	30	35	38	44
2200	22/10/19	11	15	28	36	43	55
2201	24/10/19	3	13	23	41	49	53
2202	26/10/19	11	29	37	38	43	60
2203	30/10/19	17	34	46	49	50	57
2204	04/11/19	1	28	29	32	35	56
2205	06/11/19	12	21	28	37	42	57
2206	09/11/19	6	27	38	42	45	57
2207	13/11/19	6	10	11	43	53	55
2208	16/11/19	16	25	30	40	45	49
2209	20/11/19	22	25	28	32	33	47
2210	23/11/19	11	17	24	25	33	34
2211	27/11/19	27	36	40	41	44	54
2212	30/11/19	23	26	51	52	53	58
2213	04/12/19	5	7	10	32	46	60
2214	07/12/19	4	10	18	30	34	47
2215	11/12/19	1	19	21	23	33	43
2216	14/12/19	10	24	42	43	48	49
2217	17/12/19	10	14	16	30	32	36
2218	19/12/19	6	16	22	38	48	52
2219	21/12/19	8	28	36	45	57	59
2220	31/12/19	3	35	38	40	57	58
2221	04/01/20	5	23	34	45	56	57
2222	08/01/20	13	14	29	30	48	59
2223	11/01/20	2	26	40	42	49	56
2224	15/01/20	16	23	32	50	52	58
2225	18/01/20	1	32	37	44	46	47
2226	21/01/20	2	4	7	16	30	38
2227	23/01/20	6	9	12	27	32	57
2228	25/01/20	9	19	23	32	39	45
2229	29/01/20	6	11	29	40	41	58
2230	01/02/20	7	17	26	39	56	60
2231	05/02/20	4	13	25	40	53	57
2232	08/02/20	7	8	31	34	38	47
2233	12/02/20	4	6	32	35	41	45
2234	15/02/20	4	21	27	29	42	47
2235	19/02/20	14	18	30	35	55	57
2236	22/02/20	7	20	38	43	45	53
2237	27/02/20	11	20	27	28	53	60
2238	29/02/20	11	36	45	55	57	58
2239	04/03/20	7	27	31	39	45	46
2240	07/03/20	7	9	10	19	25	58
2241	10/03/20	1	13	18	26	40	56
2242	12/03/20	5	9	18	24	25	42
2243	14/03/20	14	18	28	35	38	54
2244	18/03/20	3	5	11	34	37	42
2245	21/03/20	11	14	15	18	33	34
2246	25/03/20	5	9	24	27	33	46
2247	28/03/20	1	42	44	47	48	53
2248	01/04/20	9	15	20	29	30	42
2249	04/04/20	4	9	31	47	49	53
2250	08/04/20	27	33	39	52	57	58
2251	11/04/20	5	15	22	26	54	58
2252	15/04/20	1	17	30	37	46	50
2253	18/04/20	31	32	33	39	52	55
2254	22/04/20	4	9	24	44	47	56
2255	25/04/20	15	20	39	41	49	57
2256	29/04/20	9	10	30	37	47	54
2257	02/05/20	18	21	30	31	34	51
2258	05/05/20	1	5	7	14	23	26
2259	07/05/20	20	27	41	54	56	58
2260	09/05/20	12	14	34	35	37	47
2261	13/05/20	7	23	26	27	29	51
2262	16/05/20	7	8	14	23	30	46
2263	20/05/20	9	24	33	43	49	57
2264	23/05/20	2	3	8	19	29	37
2265	27/05/20	14	20	23	39	46	50
2266	30/05/20	10	23	31	37	58	59
2267	03/06/20	20	32	33	48	49	53
2268	06/06/20	4	13	23	28	30	52
2269	10/06/20	1	11	14	23	29	55
2270	13/06/20	14	16	38	39	41	48
2271	17/06/20	6	10	27	28	41	52
2272	20/06/20	2	5	11	24	41	49
2273	24/06/20	15	16	20	38	40	58
2274	27/06/20	8	11	17	33	40	55
2275	01/07/20	2	4	25	36	50	53
2276	04/07/20	5	15	18	27	49	57
2277	08/07/20	10	22	23	37	53	60
2278	11/07/20	8	17	34	37	43	45
2279	14/07/20	5	12	14	20	27	28
2280	16/07/20	28	29	31	50	58	59
2281	18/07/20	14	27	35	40	50	55
2282	22/07/20	12	27	30	36	45	52
2283	25/07/20	4	24	37	43	59	60
2284	29/07/20	4	10	12	14	36	46
2285	01/08/20	1	7	10	12	33	42
2286	05/08/20	9	21	30	41	42	43
2287	08/08/20	2	4	6	29	41	56
2288	11/08/20	2	26	35	39	40	56
2289	13/08/20	6	9	34	37	38	45
2290	15/08/20	5	18	36	44	57	60
2291	19/08/20	12	26	31	36	37	49
2292	22/08/20	6	16	18	33	42	57
2293	26/08/20	1	2	10	37	42	48
2294	29/08/20	9	15	20	33	41	43
2295	02/09/20	6	13	26	28	35	41
2296	05/09/20	1	6	21	29	36	59
2297	09/09/20	20	22	35	40	41	59
2298	12/09/20	13	17	21	31	41	49
2299	15/09/20	2	3	19	40	44	60
2300	17/09/20	9	21	37	39	43	54
2301	19/09/20	17	18	35	36	47	52
2302	23/09/20	18	22	25	27	43	44
2303	26/09/20	3	7	17	20	48	50
2304	30/09/20	12	21	29	54	56	57
2305	03/10/20	7	16	22	38	55	57
2306	07/10/20	3	19	28	33	57	58
2307	10/10/20	16	33	38	46	53	55
2308	14/10/20	9	13	26	38	58	60
2309	17/10/20	9	11	29	30	33	60
2310	20/10/20	13	17	28	29	42	53
2311	22/10/20	3	5	9	35	43	60
2312	24/10/20	3	27	39	46	47	60
2313	28/10/20	3	20	26	45	49	58
2314	31/10/20	6	7	28	42	45	49
2315	04/11/20	1	10	17	26	30	53
2316	07/11/20	2	11	43	49	52	56
2317	11/11/20	3	8	30	33	35	48
2318	14/11/20	28	44	52	54	58	60
2319	18/11/20	6	17	25	35	40	49
2320	21/11/20	6	30	35	39	42	48
2321	25/11/20	14	25	28	41	43	46
2322	28/11/20	2	5	10	29	34	41
2323	02/12/20	20	27	35	39	50	59
2324	05/12/20	2	16	19	31	43	60
2325	08/12/20	33	34	37	46	52	60
2326	10/12/20	10	16	27	34	36	57
2327	12/12/20	30	37	45	54	57	58
2328	16/12/20	8	11	14	39	48	53
2329	19/12/20	12	14	28	42	45	55
2330	31/12/20	17	20	22	35	41	42
2331	02/01/21	11	13	16	36	53	57
2332	06/01/21	12	33	35	36	44	52
2333	09/01/21	9	16	31	41	53	55
2334	13/01/21	4	13	20	22	25	60
2335	16/01/21	9	18	23	42	47	49
2336	20/01/21	8	10	20	27	28	50
2337	23/01/21	2	9	34	49	51	55
2338	26/01/21	8	21	23	34	42	47
2339	28/01/21	4	18	29	47	48	59
2340	30/01/21	16	21	28	41	49	51
2341	03/02/21	4	9	31	32	42	46
2342	06/02/21	17	20	24	27	40	60
2343	10/02/21	4	31	42	45	49	56
2344	13/02/21	11	17	25	38	52	57
2345	17/02/21	7	16	19	22	28	55
2346	20/02/21	3	4	11	40	42	58
2347	24/02/21	8	9	17	30	58	60
2348	27/02/21	2	3	7	48	51	54
2349	03/03/21	5	10	25	32	49	54
2350	06/03/21	25	28	29	34	41	45
2351	10/03/21	19	22	35	41	47	49
2352	13/03/21	9	17	38	41	49	55
2353	17/03/21	3	19	34	41	48	53
2354	20/03/21	6	18	25	30	42	54
2355	24/03/21	7	30	31	41	50	56
2356	27/03/21	3	10	25	36	51	58
2357	31/03/21	19	28	30	34	40	51
2358	03/04/21	5	9	11	16	43	57
2359	06/04/21	31	32	39	42	43	51
2360	08/04/21	10	15	21	24	29	45
2361	10/04/21	14	21	22	29	35	46
2362	14/04/21	3	20	22	32	35	50
2363	17/04/21	6	14	24	34	39	58
2364	22/04/21	20	33	42	44	51	56
2365	24/04/21	1	17	28	37	44	50
2366	28/04/21	4	27	33	35	38	41
2367	30/04/21	5	23	29	34	53	60
2368	04/05/21	4	7	13	25	36	58
2369	06/05/21	4	9	17	19	37	60
2370	08/05/21	7	31	37	42	44	56
2371	12/05/21	4	15	30	36	39	48
2372	15/05/21	3	19	25	44	46	57
2373	19/05/21	23	24	26	44	49	60
2374	22/05/21	12	13	25	37	39	41
2375	26/05/21	2	6	44	46	53	58
2376	29/05/21	12	14	17	18	19	22
2377	02/06/21	5	18	29	35	43	44
2378	05/06/21	11	37	38	41	49	54
2379	09/06/21	2	8	26	32	46	56
2380	12/06/21	11	16	20	24	39	53
2381	16/06/21	7	23	32	41	42	47
2382	19/06/21	6	9	19	38	53	55
2383	23/06/21	13	15	16	20	40	41
2384	26/06/21	9	13	22	25	26	31
2385	29/06/21	12	24	32	37	43	60
2386	01/07/21	11	13	16	35	49	50
2387	03/07/21	8	26	30	31	38	48
2388	07/07/21	8	30	33	37	45	48
2389	10/07/21	16	30	37	39	40	51
2390	14/07/21	9	13	20	22	32	56
2391	17/07/21	5	8	13	27	36	50
2392	21/07/21	11	15	23	25	34	53
2393	24/07/21	26	27	28	32	38	51
2394	28/07/21	5	16	25	36	42	44
2395	31/07/21	4	11	12	44	45	57
2396	04/08/21	2	3	25	39	42	49
2397	07/08/21	6	14	20	39	46	48
2398	10/08/21	8	17	30	36	54	59
2399	12/08/21	27	35	42	44	51	52
2400	14/08/21	9	21	25	26	36	53
2401	18/08/21	8	11	13	33	38	48
2402	21/08/21	6	22	25	29	30	60
2403	25/08/21	10	12	14	32	33	34
2404	28/08/21	1	19	35	40	47	54
2405	01/09/21	21	38	48	49	53	59
2406	04/09/21	8	12	29	43	54	60
2407	08/09/21	13	17	31	43	54	55
2408	11/09/21	4	29	30	38	43	57
2409	15/09/21	2	29	39	49	52	58
2410	18/09/21	7	10	27	35	43	59
2411	22/09/21	7	26	29	34	43	44
2412	25/09/21	9	16	34	36	49	60
2413	28/09/21	3	22	37	40	41	48
2414	30/09/21	4	5	6	14	29	38
2415	02/10/21	10	12	26	29	35	60
2416	06/10/21	6	7	11	26	37	57
2417	09/10/21	3	7	10	11	27	46
2418	13/10/21	2	11	19	27	57	60
2419	16/10/21	10	35	43	48	50	53
2420	19/10/21	5	8	29	39	44	60
2421	21/10/21	2	3	32	35	48	57
2422	23/10/21	2	7	10	20	30	46
2423	27/10/21	16	18	38	48	51	60
2424	30/10/21	3	16	17	37	38	53
2425	03/11/21	10	31	38	46	49	54
2426	06/11/21	5	11	24	27	32	57
2427	10/11/21	3	19	25	37	44	56
2428	13/11/21	3	9	25	28	29	39
2429	17/11/21	11	37	53	55	56	60
2430	20/11/21	19	26	39	45	46	56
2431	24/11/21	8	11	22	25	26	36
2432	27/11/21	7	29	38	40	44	52
2433	01/12/21	8	9	32	52	53	57
2434	04/12/21	1	2	14	28	40	51
2435	07/12/21	5	22	30	32	33	36
2436	09/12/21	5	15	28	32	38	54
2437	11/12/21	1	19	41	46	48	55
2438	15/12/21	4	11	19	25	37	55
2439	18/12/21	2	8	34	38	47	51
2440	31/12/21	12	15	23	32	33	46
2441	05/01/22	9	41	42	46	47	54
2442	08/01/22	2	7	9	25	41	49
2443	12/01/22	1	5	12	13	17	31
2444	15/01/22	15	17	20	35	37	43
2445	19/01/22	11	25	32	37	47	56
2446	22/01/22	1	13	27	41	51	58
2447	25/01/22	13	19	29	42	49	52
2448	27/01/22	18	30	32	35	40	48
2449	29/01/22	14	20	21	31	49	52
2450	02/02/22	2	6	11	15	17	39
2451	05/02/22	13	26	31	46	51	60
2452	09/02/22	8	10	51	56	57	58
2453	12/02/22	10	14	15	24	34	44
2454	16/02/22	9	14	22	24	44	47
2455	19/02/22	21	38	50	53	56	59
2456	22/02/22	28	34	40	41	52	55
2457	24/02/22	10	19	46	47	49	50
2458	26/02/22	15	40	44	45	47	51
2459	03/03/22	15	24	33	49	53	59
2460	05/03/22	16	17	18	28	35	47
2461	09/03/22	8	11	16	21	32	37
2462	12/03/22	3	16	23	41	45	57
2463	16/03/22	11	16	31	37	42	51
2464	19/03/22	2	7	24	43	52	56
2465	23/03/22	3	8	23	29	53	54
2466	26/03/22	2	3	13	20	53	54
2467	30/03/22	1	10	19	34	35	45
2468	02/04/22	22	35	41	42	53	57
2469	06/04/22	5	28	30	38	52	55
2470	09/04/22	8	33	40	42	48	51
2471	13/04/22	8	23	29	30	36	55
2472	16/04/22	5	13	18	23	35	36
2473	20/04/22	15	18	28	42	55	60
2474	23/04/22	22	30	38	39	49	56
2475	26/04/22	1	40	44	45	58	60
2476	28/04/22	2	7	32	46	49	55
2477	30/04/22	20	33	37	38	49	50
2478	04/05/22	2	17	23	28	39	46
2479	07/05/22	10	15	17	20	21	35
2480	11/05/22	4	6	9	31	50	56
2481	14/05/22	1	8	21	27	36	37
2482	18/05/22	1	32	35	44	45	57
2483	21/05/22	20	34	38	40	49	54
2484	25/05/22	11	14	36	41	54	59
2485	28/05/22	5	12	32	38	47	60
2486	31/05/22	8	9	17	19	33	56
2487	02/06/22	23	36	42	48	54	58
2488	04/06/22	17	31	34	40	56	57
2489	08/06/22	3	10	13	25	41	42
2490	11/06/22	11	16	17	41	46	59
2491	15/06/22	22	29	38	43	48	53
2492	18/06/22	10	30	31	33	42	52
2493	22/06/22	4	9	37	43	44	56
2494	25/06/22	1	4	10	22	53	54
2495	28/06/22	8	12	14	30	33	41
2496	30/06/22	7	26	31	38	46	58
2497	02/07/22	5	14	23	46	48	52
2498	06/07/22	9	12	26	29	46	47
2499	09/07/22	11	19	38	47	56	59
2500	13/07/22	5	16	25	32	39	55
2501	16/07/22	11	27	32	40	58	59
2502	20/07/22	16	20	21	39	44	55
2503	23/07/22	3	14	16	38	43	45
2504	27/07/22	14	33	41	42	44	55
2505	30/07/22	3	5	19	26	43	51
2506	02/08/22	21	22	29	34	40	44
2507	04/08/22	4	6	12	34	35	53
2508	06/08/22	41	45	48	51	53	58
2509	10/08/22	8	37	39	50	59	60
2510	13/08/22	8	13	25	32	44	57
2511	17/08/22	4	10	15	39	41	49
2512	20/08/22	7	10	34	47	49	52
2513	24/08/22	13	19	21	35	46	50
2514	27/08/22	5	15	24	34	45	52
2515	31/08/22	3	12	19	41	45	54
2516	03/09/22	8	17	49	51	52	53
2517	08/09/22	1	5	6	16	22	39
2518	10/09/22	3	22	23	44	53	60
2519	13/09/22	3	8	20	36	38	57
2520	15/09/22	2	17	22	41	58	60
2521	17/09/22	23	28	33	38	55	59
2522	21/09/22	4	5	25	32	39	40
2523	24/09/22	1	10	27	36	37	45
2524	28/09/22	3	20	22	37	41	43
2525	01/10/22	4	13	21	26	47	51
2526	05/10/22	2	16	24	38	43	59
2527	08/10/22	8	19	29	38	48	56
2528	13/10/22	4	15	22	53	56	60
2529	15/10/22	3	5	32	56	57	59
2530	18/10/22	14	17	18	28	30	44
2531	20/10/22	1	5	18	49	55	56
2532	22/10/22	10	14	17	18	23	30
2533	26/10/22	17	18	20	37	45	53
2534	29/10/22	28	36	39	44	56	60
2535	03/11/22	1	3	24	37	51	56
2536	05/11/22	9	22	27	30	33	45
2537	09/11/22	12	24	26	31	37	48
2538	12/11/22	6	15	19	20	33	52
2539	16/11/22	1	23	32	33	36	59
2540	19/11/22	2	8	28	34	41	49
2541	22/11/22	10	28	45	47	57	59
2542	24/11/22	12	20	22	25	26	55
2543	26/11/22	2	5	27	30	46	53
2544	30/11/22	25	38	45	53	55	56
2545	03/12/22	20	23	32	36	39	57
2546	07/12/22	3	23	28	34	38	48